# 3D point list with one line of data per point:
#   POINT3D_ID, X, Y, Z, R, G, B, ERROR, TRACK[] as (IMAGE_ID, POINT2D_IDX)
# Number of points: 1039, mean track length: 3.22907
708 -2.39675 4.62278 13.2759 57 57 49 0.326014 2 4561 3 3389 1 4975 4 3472
707 -2.34421 4.5307 13.3448 63 65 62 0.518703 2 4557 3 4128 1 4970
706 -1.1903 4.56941 13.7496 159 161 156 0.141026 2 4554 3 3466 1 4958 4 3556
705 -1.1903 4.56941 13.7496 159 161 156 0.141026 2 4553 3 3465 1 4957 4 3555
704 0.173612 4.57466 14.2046 83 80 71 0.233638 2 4548 3 4224 1 4954
703 -2.73592 4.34279 13.2317 53 54 50 0.364758 2 4543 3 4103 1 4960 4 3435
702 -0.28412 4.47119 14.1276 105 115 117 0.450037 2 4541 3 3509 1 4950 4 3644
701 0.270596 4.45497 14.2917 155 161 147 0.355885 2 4533 3 4222 1 4105 4 3692
700 -1.40307 4.34392 13.7432 110 109 105 0.274101 2 4531 3 3423 1 4953 4 3525
699 0.711178 4.42637 14.4196 80 78 63 0.315949 2 4530 3 3568 1 4939 4 3725
698 0.555169 4.15978 14.5026 81 79 67 0.267019 2 4521 3 4204 1 4928 4 3696
697 -2.9104 3.89801 13.2953 99 103 112 0.303631 2 4517 3 3303 1 4936 4 1166
696 0.538827 3.93559 14.5821 80 85 80 0.411219 2 4514 3 4190
695 0.231581 3.79692 14.5593 76 71 62 0.651237 2 4507 3 4171 1 4031 4 3640
694 0.611638 3.78851 14.7043 81 73 58 0.513209 2 4506 3 4184 1 5349
693 -0.779784 3.65286 14.2215 65 67 66 0.249298 2 4504 3 4125 1 4902 4 3528
692 -2.19448 3.5854 13.6705 58 55 48 0.3995 2 4503 3 4083 1 5355 4 4414
691 0.254306 3.61149 14.6324 104 114 116 0.274229 2 4501 3 4164 1 4003 4 3628
690 0.978672 3.56919 14.8769 84 85 67 0.516781 2 4500 3 4180 1 3988
689 1.94567 3.56831 15.179 67 63 62 0.694663 2 4499 3 4220 1 4883 4 4586
688 0.474474 3.52201 14.7499 81 75 61 0.376165 2 4498 3 4165 1 3986 4 3642
687 -1.39772 3.42599 14.0413 75 71 61 0.355312 2 4497 3 3337 4 3469
686 -2.35862 3.3787 13.6528 41 45 38 0.135862 2 4495 3 3274 4 3386
685 -0.633964 3.38381 14.3781 63 71 73 0.437693 2 4492 3 4579 1 4886
684 0.513376 3.31577 14.8301 157 155 135 0.0946416 2 4482 3 4151 1 4877 4 4514
683 1.25044 3.26212 15.1029 82 84 78 0.333516 2 4474 3 4170 1 4866 4 4546
682 2.45637 3.27297 15.4542 69 70 74 0.28968 2 4472 3 4218 1 4858 4 4598
681 -2.77691 3.06216 13.535 230 244 243 0.13756 2 4466 3 3234 4 3304
680 -2.7781 3.06268 13.5366 230 244 243 0.158517 2 4465 3 3235 1 4885 4 3303
679 2.6331 3.16344 15.6313 69 68 73 1.99119 2 4464 3 4212 1 4851
678 -0.0523556 3.01879 14.7408 75 80 84 0.148619 2 4459 3 4109 1 4859
677 -1.78138 2.96697 14.0312 60 60 49 0.206435 2 4456 3 4059 1 4868 4 3418
676 -2.05553 2.91095 13.9151 171 180 163 0.0923975 2 4448 3 4047 1 4867 4 3371
675 -1.82767 2.90276 14.0185 123 125 118 0.17105 2 4445 3 3258 4 3405
674 -2.93057 2.87294 13.5066 109 113 112 0.158065 2 4443 3 4030 4 3269
673 -2.42658 2.77279 13.7628 189 205 204 0.185805 2 4435 3 3228 4 3320
672 -2.42658 2.77279 13.7628 189 205 204 0.185805 2 4434 3 3227 4 3319
671 5.48124 2.96952 19.7476 122 122 120 0.118807 2 4428 3 4261 1 4827
670 -2.89408 2.63931 13.5713 146 158 148 0.160813 2 4421 3 3191 1 4853
669 3.53177 2.44226 16.0725 180 195 196 1.0999 2 4410 3 4622 1 4805 4 5644
668 3.383 2.41436 15.9698 166 185 192 0.871656 2 4409 3 4618
667 -0.12101 2.21454 14.9586 80 83 88 0.237502 2 4403 3 4064 1 3844 4 3491
666 2.39799 1.96259 15.9747 58 54 48 0.287405 2 4388 3 4124 1 3808 4 4555
665 2.39799 1.96259 15.9747 58 54 48 0.287405 2 4387 3 4123 1 3807 4 4554
664 2.6456 1.90888 16.0634 75 67 58 0.478508 2 4382 3 4596 1 3795 4 5070
663 2.26885 1.84032 15.9684 60 58 45 0.21496 2 4374 3 4111 1 4775 4 4533
662 2.80026 1.70368 16.216 113 110 95 0.31612 2 4371 3 4585 1 4761 4 5071
661 4.55923 1.50928 16.9027 88 101 109 0.413133 2 4367 3 4611 1 4741 4 5459
660 3.07493 1.44106 16.4084 62 63 67 0.49386 2 4361 3 4578 4 5074
659 -2.37429 0.921971 14.2051 78 91 99 0.152835 2 4333 3 3950
658 2.43111 0.703655 16.3998 72 72 70 0.33575 2 4331 3 4054 1 4701 4 5027
657 3.39104 0.648596 16.7048 160 182 195 0.430933 2 4329 3 4082 1 4692
656 -12.6911 -0.462304 28.6393 110 124 61 0.20972 2 4325 3 2905 1 4762
655 -1.53995 0.584404 14.6596 104 121 129 0.38453 2 4312 3 3074 1 4699 4 3195
653 -14.8474 -1.03816 29.3644 147 141 112 0.285459 2 4309 3 2824 1 4742
652 0.809564 0.421071 15.7949 48 47 52 0.327061 2 4308 3 4007 1 3568 4 4424
651 0.962196 0.409473 15.8587 41 44 45 0.111782 2 4307 3 4513 1 4677 4 5359
650 1.18101 0.35736 15.9669 107 116 112 0.0583672 2 4306 3 4515
649 -14.3513 -1.45337 29.6706 156 149 134 0.698406 2 4295 3 2814 1 5258
648 1.78768 0.136868 16.2924 84 85 79 0.412542 2 4294 3 4518 1 4654 4 4995
647 -13.1841 -1.62416 29.7736 182 176 158 0.100168 2 4287 3 2837 4 4158
646 -14.6301 -1.63508 29.6604 134 138 124 0.266987 2 4286 3 2788
645 -14.343 -1.83119 29.7661 137 145 127 0.111221 2 4284 3 2784
644 -1.82162 0.115089 15.1812 109 156 156 1.59379 2 4283 3 3926
643 -13.6019 -2.33502 30.174 122 126 112 0.316825 2 4269 3 2778 4 2863
642 -17.2201 -2.63237 31.8827 95 97 50 0.364453 2 4266 3 2733
641 -2.05192 -0.036391 13.9499 144 169 174 0.316197 2 4261 3 3897 1 4632
640 -13.1252 -2.67149 30.4431 139 146 130 0.45225 2 4256 3 2768 1 4684 4 2873
639 -15.5705 -3.6404 32.7457 58 57 26 0.194688 2 4243 3 2725 1 4661
638 2.6649 -1.88753 18.7368 202 221 225 0.614123 2 4197 3 4479
637 2.66376 -1.8907 18.739 202 221 225 0.587126 2 4196 3 4478 4 5363
636 -10.975 -6.03289 34.4043 112 117 76 0.707685 2 4168 3 3758 1 4567
635 -10.8898 -6.17666 34.6478 121 130 77 0.396269 2 4163 3 2716 1 4561
634 -11.2191 -6.68339 35.125 62 64 30 0.128657 2 4150 3 2700 1 4548
633 -4.58687 -6.91537 34.5046 99 123 68 0.671926 2 4131 3 3805 1 4520
632 -4.45333 -7.37005 35.0399 135 126 98 0.681004 2 4118 3 3794 1 4507
631 -3.61281 -7.54092 35.046 85 68 60 0.481819 2 4113 3 3798 1 4499
630 -3.54714 -7.95712 35.3682 95 79 65 0.526424 2 4098 3 3786 1 4485
629 -1.70282 5.88926 13.0835 112 123 127 0.346939 2 4060 3 3593 1 4430 4 1746
628 -3.09904 5.76125 12.6297 114 123 130 0.296806 2 4054 3 1916 1 4466
627 -2.71073 5.76832 12.7787 103 107 106 0.193621 2 4045 3 2004 1 4441
626 -2.95175 5.65385 12.7317 112 115 120 0.361413 2 4035 3 1905 1 4426
625 -1.16142 5.72509 13.3133 99 102 91 0.198527 2 4027 3 2298 1 4380 4 1836
624 -3.72577 5.59983 12.8197 177 191 191 0.243986 2 4026 3 1718 1 4429
623 -3.72577 5.59983 12.8197 177 191 191 0.243986 2 4025 3 1717 1 4428
622 -3.0224 5.55322 12.7334 121 125 130 0.472378 2 4022 3 1851 1 4409 4 1401
621 -4.79891 5.64783 13.3487 80 77 45 0.319346 2 4014 3 1528 1 4438
620 -4.83109 5.60221 13.3565 125 125 94 0.159303 2 4003 3 1520 1 5069
619 -3.07049 5.36474 12.7766 144 154 158 0.373015 2 3992 3 1754 1 4375
618 -1.63827 5.46433 13.297 62 62 60 0.393569 2 3991 3 3544 4 1674
617 -1.16672 5.48336 13.4153 126 139 143 0.150528 2 3988 3 2196 1 4333 4 1789
616 -0.9002 5.43331 13.525 100 97 81 0.103234 2 3979 3 2231 4 1843
615 -1.39643 5.3963 13.3805 103 117 120 0.232349 2 3978 3 2128 4 1726
614 -1.06196 5.39136 13.4828 159 164 150 0.199738 2 3967 3 3572 1 4313 4 1797
613 -0.90809 5.38145 13.5365 74 74 62 0.442294 2 3964 3 3579 4 3655
612 -0.908417 5.38496 13.5473 74 74 62 0.234814 2 3963 3 3580
611 -2.98127 5.22164 12.8636 111 121 122 0.109241 2 3958 3 3433
610 -2.98127 5.22164 12.8636 111 121 122 0.109241 2 3957 3 3432
609 -1.8716 5.30233 13.2592 56 55 51 0.168851 2 3955 3 3513 4 1577
608 -0.490743 5.38784 13.6588 119 130 136 0.44419 2 3954 3 2302 1 4296 4 1951
607 -3.04382 5.1203 12.8556 124 129 133 0.464386 2 3941 3 1664 1 4324
606 -1.60403 5.21824 13.3735 93 88 77 0.257402 2 3938 3 2017 1 4298
605 -2.96596 5.10102 12.9082 94 103 108 0.0914548 2 3937 3 3416 1 4316
604 -2.03199 5.15303 13.2437 53 52 50 0.122748 2 3931 3 1891 1 4299
603 -1.32462 5.17869 13.4888 93 100 93 0.166219 2 3927 3 2056 1 2738
602 -1.75322 5.15384 13.3609 57 60 53 0.036176 2 3926 3 1953
601 -3.18413 4.99215 12.8502 124 129 133 0.360531 2 3921 3 1593 1 4305
600 -1.40598 5.12522 13.4908 55 57 51 0.241828 2 3920 3 2020 1 4269 4 1664
599 -1.40612 5.12509 13.4916 55 57 51 0.249469 2 3919 3 2021 1 4268
598 -0.905348 5.13551 13.6457 74 73 68 0.400756 2 3916 3 3554 1 4259
597 -0.388904 5.14422 13.7907 112 117 123 0.245202 2 3914 3 3583 1 4241 4 1910
596 -1.50097 5.04729 13.4753 58 55 51 0.273563 2 3911 3 1965
595 -2.962 4.94434 12.9535 80 92 99 0.23609 2 3910 3 1615 1 2764
594 0.00846081 5.09391 13.9236 74 81 83 0.165576 2 3906 3 3604 1 4221
593 -0.861676 5.03246 13.6982 69 71 68 0.251675 2 3903 3 3538 1 4237
592 -0.861676 5.03246 13.6982 69 71 68 0.251675 2 3902 3 3537 1 4236
591 -0.466163 5.0425 13.8122 121 127 131 0.171567 2 3900 3 2166 1 2596 4 1867
590 -2.95751 4.86768 12.9853 86 97 101 0.502815 2 3899 3 1594 1 4267 4 1320
589 -0.951737 4.97808 13.6871 124 125 127 0.437188 2 3891 3 2048 1 4226 4 1748
588 -1.40913 4.92906 13.5509 64 64 62 0.159004 2 3888 3 3496 1 4233 4 1622
587 -1.40804 4.92813 13.5492 64 64 62 0.109638 2 3887 3 3495 4 1621
586 -2.12049 4.83465 13.3176 73 71 70 0.0557663 2 3884 3 3439
585 -0.199687 4.92405 13.9516 101 108 114 0.0300902 2 3880 3 3570 4 1918
584 0.132085 4.92332 14.0414 112 114 114 0.175557 2 3878 3 2239 1 4178 4 2009
583 -2.2562 4.67149 13.3045 159 164 160 0.242101 2 3852 3 1646 4 1402
582 -2.58465 4.62408 13.2144 97 90 74 0.133763 2 3848 3 1575 1 4208
581 -0.0796723 4.75099 14.0585 70 73 78 0.199263 2 3844 3 3560 1 4155 4 1907
580 -2.96707 4.54152 13.0722 100 103 108 0.216836 2 3836 3 1494 1 4203 4 1270
579 0.204385 4.72458 14.1478 66 68 67 0.508037 2 3834 3 2175 1 4145 4 3708
578 0.203343 4.72309 14.1359 66 68 67 0.343827 2 3833 3 2174 1 4146
577 -2.38603 4.56625 13.3029 83 86 75 0.171942 2 3831 3 1587 1 4185 4 1374
576 -2.38603 4.56625 13.3029 83 86 75 0.171942 2 3830 3 1588 1 4186 4 1373
575 -0.872808 4.62054 13.8478 80 78 65 0.204297 2 3826 3 1918 4 1693
574 -0.873821 4.62097 13.8494 80 78 65 0.203723 2 3825 3 1917 1 4150 4 1692
573 -1.13783 4.61113 13.751 65 64 60 0.0772093 2 3824 3 3475 1 4158 4 3565
572 0.136899 4.6709 14.1536 104 108 109 0.217151 2 3823 3 3564 1 4139 4 3695
571 -2.61062 4.51065 13.2329 55 57 52 0.283275 2 3822 3 3363 1 4177 4 1326
570 0.205405 4.65058 14.1831 76 78 77 0.186235 2 3820 3 3566 1 4134 4 3703
569 0.205405 4.65058 14.1831 76 78 77 0.186235 2 3819 3 3567 1 4133 4 3702
568 -5.72554 4.59058 13.9618 20 31 27 1.00362 2 3816 3 3246
567 -2.67155 4.40889 13.243 50 49 44 0.223848 2 3802 3 1501 1 4164 4 1300
566 0.704314 4.56607 14.3543 68 73 76 0.491129 2 3800 3 3581 1 4115 4 3734
565 -1.58956 4.45205 13.635 53 51 47 0.335113 2 3799 3 3425 1 4141 4 1491
564 -1.49289 4.44142 13.6769 53 50 46 0.186116 2 3796 3 1719 1 4138 4 1510
563 0.419665 4.53656 14.2944 118 121 120 0.0892829 2 3795 3 3565
562 0.827886 4.49253 14.4346 81 87 85 0.305108 2 3791 3 3582 1 2182
561 -2.7597 4.28335 13.2482 51 49 52 0.150758 2 3787 3 1444 1 4144
560 -0.727801 4.39093 13.996 68 74 63 0.376356 2 3784 3 3473 1 4119 4 3594
559 -1.63697 4.33676 13.6488 93 90 75 0.106852 2 3783 3 3402 1 4127
558 -0.193406 4.40687 14.1711 119 126 130 0.377719 2 3782 3 1972 1 4109 4 1812
557 0.264881 4.39569 14.3086 79 78 62 0.230806 2 3777 3 3531 1 4098
556 -0.747224 4.31504 14.0055 162 171 154 0.106357 2 3775 3 3461 1 4104 4 3586
555 -0.863752 4.31043 13.9673 67 63 51 0.14269 2 3773 3 3448 1 4945 4 3568
554 -1.07434 4.17514 13.9183 79 80 64 0.00816082 2 3764 3 3424
553 0.776303 4.236 14.5353 81 80 67 0.268565 2 3762 3 3545 1 4078 4 3716
552 0.899094 4.19986 14.5816 74 75 67 0.26818 2 3756 3 3552 1 4072
551 0.134614 4.12191 14.3949 75 80 76 0.156448 2 3754 3 3492 1 4074 4 1833
550 -1.77152 4.03154 13.7009 105 109 105 0.0874715 2 3753 3 1522 1 4087 4 1392
549 0.475189 4.03075 14.5421 81 83 78 0.252578 2 3746 3 1967 4 1903
548 -0.888143 3.94195 14.079 59 60 55 0.135562 2 3742 3 3401 1 4070 4 3538
547 -1.12844 3.8548 14.0162 67 64 59 0.236381 2 3735 3 1564 1 4063 4 1483
546 -3.35836 3.73423 13.1172 76 90 95 0.171202 2 3733 3 1211 1 4082
545 -1.10425 3.80472 14.0406 134 134 126 0.169721 2 3730 3 1553 1 4055 4 1478
544 -2.32581 3.67783 13.5894 89 93 92 0.158374 2 3723 3 1332 1 4061
543 0.794964 3.77313 14.7418 143 140 128 0.208638 2 3721 3 3494 1 4022
542 0.795012 3.77299 14.7432 143 140 128 0.185996 2 3720 3 3493 1 4021 4 3688
541 0.0648278 3.69223 14.5511 68 71 72 0.373013 2 3713 3 3435 1 4018
540 -0.0227492 3.67643 14.5086 76 81 85 0.32106 2 3712 3 3429 1 4017 4 3609
539 0.407443 3.6727 14.6643 79 77 60 0.295873 2 3710 3 3452 1 4013 4 3650
538 0.202498 3.65188 14.6012 73 74 67 0.219056 2 3706 3 3440 1 4012 4 3624
537 -2.43051 3.40595 13.6185 129 134 130 0.144867 2 3695 3 3272 1 4026 4 1176
536 1.08167 3.516 14.9449 80 83 64 0.326436 2 3691 3 3478 1 3976 4 3700
535 1.15955 3.50086 14.9743 141 139 124 0.238699 2 3688 3 3481 1 3973 4 3706
534 1.15955 3.50086 14.9743 141 139 124 0.238699 2 3687 3 3480 1 3972 4 3707
533 -0.629187 3.43173 14.3655 60 68 70 0.215652 2 3686 3 3357 1 3994
532 1.84214 3.47233 15.1844 104 98 82 0.562365 2 3685 3 4199 1 3962 4 3750
531 1.40399 3.4325 15.0719 127 131 126 0.15567 2 3682 3 4186 1 3964 4 4559
530 0.602225 3.30674 14.8638 66 65 60 0.407556 2 3670 3 4156 1 3959
529 1.61421 3.28528 15.1984 72 71 67 0.196814 2 3665 3 3486 1 1641 4 2055
528 -2.45517 3.12055 13.6701 146 153 142 0.108858 2 3657 3 1186 1 1752
527 -2.31952 3.10922 13.7573 84 89 92 0.280307 2 3651 3 3254 1 3971
526 1.62397 3.18474 15.2485 65 70 64 0.376375 2 3650 3 3474 1 3932 4 3718
525 -1.78477 3.10297 13.9926 63 62 51 0.219979 2 3649 3 3278
524 0.243381 3.1085 14.8166 100 101 96 0.276288 2 3643 3 3365 1 3940 4 1651
523 0.243381 3.1085 14.8166 100 101 96 0.276288 2 3642 3 3366 1 3941 4 1650
522 -1.71556 3.05314 14.0416 63 63 57 0.171366 2 3641 3 3277 1 3958 4 1264
521 2.76265 3.06365 15.6454 68 74 75 0.286886 2 3637 3 3526 1 3902 4 3805
520 7.80336 3.44318 23.9007 198 185 166 0.105019 2 3631 3 4308
519 -2.2792 2.89641 13.8087 146 156 157 0.140921 2 3625 3 3240 1 3945 4 3349
518 -3.20256 2.86658 13.3824 70 80 82 0.119301 2 3624 3 3198 1 3957 4 3237
517 -2.59421 2.83002 13.6673 40 54 54 0.513303 2 3616 3 1108 1 3942
516 2.95631 2.90753 15.7723 64 68 70 0.332015 2 3614 3 4202 1 3888 4 4609
515 3.03164 2.86946 15.8174 66 72 72 0.344305 2 3611 3 3521 4 3820
514 3.03187 2.867 15.8181 66 72 72 0.179337 2 3610 3 3522 1 1443
513 1.9173 2.84564 15.4832 119 122 127 0.27475 2 3607 3 1775 1 3892 4 3720
512 -2.03282 2.72984 13.9749 106 109 98 0.0868105 2 3605 3 1149 1 3917 4 1129
511 -2.03282 2.72984 13.9749 106 109 98 0.0868105 2 3604 3 1150 1 3916 4 1130
510 -2.38574 2.69902 13.8026 95 110 113 0.559129 2 3597 3 3225 4 3315
509 -2.93371 2.6979 13.5731 65 70 63 0.468303 2 3596 3 1034 1 4856
508 1.49302 2.69331 15.4037 74 74 66 0.466137 2 3591 3 4146 1 3877 4 4530
507 1.49302 2.69331 15.4037 74 74 66 0.466137 2 3590 3 4145 1 3876 4 4531
506 3.37584 2.63516 16.0343 112 123 127 0.255478 2 3582 3 3517 1 3855 4 3827
505 1.5766 2.5355 15.4851 76 84 87 0.135026 2 3576 3 3386 1 3861 4 3670
504 8.02396 2.60783 24.6338 196 186 176 0.0283986 2 3568 3 4279
503 3.29255 2.34257 16.1355 58 68 69 0.208678 2 3561 3 4178 1 1282
502 3.42893 2.21972 16.2256 74 73 68 0.230691 2 3556 3 3472 1 3823 4 3806
501 2.3558 2.19708 15.9144 61 63 68 0.379156 2 3554 3 4140
500 1.9711 2.11645 15.7674 63 73 75 0.360288 2 3544 3 4118 1 3825
499 1.64922 2.06445 15.6764 64 73 78 0.180693 2 3541 3 3346 1 3820 4 3638
498 1.33024 2.00814 15.5837 59 69 68 0.21341 2 3536 3 4097 1 3818
497 1.25095 1.99278 15.5508 57 64 67 0.353867 2 3535 3 3332 4 3589
496 4.22305 1.94239 16.6075 113 122 125 0.469975 2 3529 3 4185 1 3783 4 4626
495 3.03289 1.8054 16.2567 72 66 54 0.503779 2 3521 3 4136 1 1123
494 1.99291 1.7783 15.884 65 65 63 0.647221 2 3517 3 4101 1 3781 4 4520
493 1.70973 1.79265 15.7778 59 59 59 0.925891 2 3516 3 4096 1 1152 4 3617
492 2.22282 1.72748 15.9914 61 51 42 0.213464 2 3510 3 4102 1 3772 4 4529
491 2.72673 1.63216 16.2115 70 68 56 0.276905 2 3500 3 4114 4 5067
490 3.87271 1.52592 16.6296 25 35 36 0.543117 2 3493 3 3411 1 3734
489 3.11797 1.5215 16.4006 65 66 70 0.142336 2 3489 3 4119 1 3743 4 4572
488 1.65641 1.47712 15.8637 55 55 57 0.718444 2 3488 3 4075 1 3749 4 4499
487 2.01108 1.46732 15.9921 62 63 53 0.331698 2 3484 3 3317 1 3746 4 3626
486 1.72187 1.44224 15.8924 116 117 121 0.313701 2 3480 3 3295 1 3745 4 4502
485 1.09309 1.38553 15.674 55 54 57 0.324999 2 3472 3 3262 1 3736 4 3526
484 0.48425 1.31182 15.4698 106 110 111 0.187657 2 3463 3 3231 4 1382
483 1.86959 1.27207 15.9937 79 80 74 0.134816 2 3462 3 4071 1 3713
482 0.125662 1.28292 15.3201 77 79 84 0.209354 2 3455 3 4032 1 3725 4 4430
481 2.98839 1.07115 16.5035 77 81 86 0.565228 2 3442 3 4090 1 3676
480 3.17546 1.05413 16.5907 73 78 82 0.7639 2 3441 3 4098 1 856 4 4556
479 0.889184 1.09947 15.6801 55 56 58 0.1955 2 3440 3 3232 1 3694
478 5.49981 0.958929 17.405 100 112 114 0.477281 2 3438 3 4166
477 2.31945 1.0336 16.2821 96 94 82 0.854125 2 3435 3 4073
476 2.36338 0.947688 16.3054 70 66 54 0.428344 2 3427 3 4067 1 3662 4 4510
475 2.07098 0.963627 16.1827 77 77 77 0.442009 2 3426 3 4060 1 3664 4 4497
474 3.06298 0.83613 16.6112 60 65 69 0.268868 2 3417 3 3311 1 769 4 4532
473 1.35882 0.890399 15.9273 114 123 122 0.162286 2 3415 3 4538 1 3655
472 -1.5118 0.943748 14.6078 90 99 104 0.191675 2 3409 3 3108 1 3681 4 3224
471 -1.5118 0.943748 14.6078 90 99 104 0.191675 2 3408 3 3109 1 3682 4 3223
470 1.84929 0.752017 16.1532 86 88 85 0.225409 2 3402 3 3242 4 3541
469 -3.46132 0.921978 13.6501 93 107 114 0.221295 2 3394 3 573 1 3689 4 459
468 -12.4572 -0.474498 28.707 115 124 64 0.303363 2 3389 3 415 1 4759
467 -1.16256 0.762082 14.8121 73 83 92 0.132061 2 3384 3 3111 4 3248
466 -1.16268 0.762261 14.8123 73 83 92 0.113625 2 3383 3 3110 1 3650 4 3247
465 0.469971 0.6705 15.5933 62 62 62 0.0871233 2 3380 3 3182 1 744 4 3431
464 1.73281 0.607564 16.1624 81 83 84 0.437666 2 3378 3 3230 1 3609 4 3523
463 -2.46441 0.785418 14.1898 232 251 255 0.430124 2 3377 3 3035 1 3661 4 640
462 -2.46441 0.785418 14.1898 232 251 255 0.430124 2 3376 3 3034 1 3660 4 641
461 -14.0383 -0.679275 28.9903 109 104 71 0.174826 2 3373 3 327 1 3758
460 2.24783 0.539099 16.3839 178 180 172 0.118 2 3371 3 3243 4 3560
459 1.77192 0.48958 16.2105 75 83 86 0.162186 2 3367 3 3222 1 3577 4 3521
458 -3.19124 0.723661 13.8624 82 94 106 0.370535 2 3363 3 2998
457 0.803059 0.526452 15.7735 91 91 96 0.283419 2 3361 3 4011 1 3589 4 4433
456 -0.716692 0.574023 15.0668 235 242 250 0.134753 2 3359 3 805 1 3611 4 985
455 -14.5898 -0.95659 29.2031 116 108 72 0.129954 2 3354 3 280 1 3750
454 -0.726599 0.511043 15.068 96 107 113 0.183579 2 3346 3 3107 4 3280
453 -1.58592 0.524701 14.654 174 192 195 0.225733 2 3337 3 691 1 3603
452 -1.65915 0.52583 14.6186 162 177 184 0.0246881 2 3336 3 3061
451 -1.78858 0.490036 14.5577 170 188 195 0.329671 2 3332 3 662 1 3594
450 -13.5973 -1.21171 29.427 158 156 135 0.179565 2 3331 3 2847
449 0.741316 0.264396 15.7987 45 46 48 0.462026 2 3324 3 4001 1 4663 4 4415
448 -2.87111 0.486726 14.0478 58 76 83 0.65522 2 3323 3 2989 1 3598 4 3027
447 -2.14852 0.345515 14.4476 70 83 91 1.40171 2 3303 3 3015 1 636
446 -1.0383 0.267554 14.9833 93 106 115 0.304862 2 3300 3 3070 1 3551 4 3207
445 -12.8863 -1.62595 29.7489 93 97 66 0.372854 2 3294 3 295 1 3677 4 345
444 1.52569 0.0715663 16.1975 128 133 126 0.286151 2 3292 3 3179 1 537 4 4448
443 0.51395 0.128937 15.7239 72 71 76 0.337052 2 3291 3 3129 1 550 4 3384
442 -0.421832 0.158989 15.2894 65 75 84 0.210473 2 3286 3 3096 1 561 4 3278
441 -0.421832 0.158989 15.2894 65 75 84 0.210473 2 3285 3 3095 1 560 4 3277
440 -15.2855 -1.57444 28.6071 179 182 165 0.397266 2 3282 3 141
439 -13.6594 -1.77686 29.9314 177 170 154 0.154026 2 3277 3 2815 4 2894
438 -13.9513 -1.79753 29.9629 171 164 146 0.26834 2 3275 3 240 1 4722 4 255
437 -0.744547 0.086683 15.1642 73 83 92 0.782636 2 3262 3 3954 1 3515 4 4309
436 -13.9422 -2.06425 30.0524 171 176 158 0.178007 2 3256 3 210 1 3648 4 238
434 -13.1175 -2.37715 30.3936 163 153 144 0.333859 2 3236 3 226 1 3619 4 2895
433 0.735914 -0.315034 15.8963 60 62 57 0.36406 2 3230 3 3977 1 3457
432 -2.01485 -0.223379 13.9933 148 168 175 0.676798 2 3209 3 475
431 -2.07201 -0.220141 13.9913 227 248 253 0.25948 2 3208 3 473 1 4613
430 -16.8624 -3.43761 32.648 76 83 39 0.309318 2 3204 3 50
429 -2.08301 -0.31631 14.011 171 191 196 0.166911 2 3200 3 450 1 4609
428 -9.33182 -3.56284 31.2113 80 98 51 1.00568 2 3185 3 279 1 4636
427 -9.61223 -4.19009 31.7557 89 111 62 0.267468 2 3162 3 2785 1 3451
426 -10.4988 -4.21342 31.8991 50 54 41 0.47225 2 3161 3 2762 1 3456 4 2952
425 -10.9365 -4.21252 31.6263 66 79 35 0.338865 2 3157 3 2755 1 3454 4 2919
424 -11.1244 -4.5883 30.9377 60 63 33 0.532114 2 3125 3 2724 1 3425
423 -11.5049 -5.40818 33.947 75 89 40 0.0896899 2 3105 3 2732 1 3413
422 0.737611 -1.34622 15.0275 84 86 76 0.241622 2 3092 3 534 1 3293
421 -10.8196 -6.96385 35.3498 114 110 72 0.245425 2 3034 3 2698
420 -3.41562 -7.51035 34.8873 80 64 56 0.266884 2 2992 3 2780 1 3263
419 -1.5808 6.04622 13.0486 105 116 119 0.379895 2 2949 3 2325 1 3187
418 -1.89118 5.99895 12.9772 77 91 94 0.0830305 2 2941 3 2253
417 -1.89046 5.99749 12.9754 77 91 94 0.172929 2 2940 3 2252 1 3194
416 -3.05953 5.88869 12.6197 117 124 124 0.0844592 2 2937 3 1978
415 -1.84778 5.98916 12.9958 106 117 122 0.243257 2 2932 3 2255 1 3178
414 -2.65858 5.91073 12.7562 54 57 62 0.0392609 2 2926 3 2074
413 0.382667 6.78672 16.6369 192 199 190 0.017613 2 2858 3 2623
412 -1.66221 5.81547 13.1201 51 56 59 0.289768 2 2853 3 2230 1 3075
411 0.717794 6.63103 16.7553 176 175 170 0.0721845 2 2815 3 2628
410 -1.36296 5.63946 13.2958 67 66 61 0.198526 2 2774 3 2219 1 2969
409 -1.27636 5.58568 13.335 77 81 80 0.414656 2 2758 3 2213 1 4357 4 1779
408 -1.42855 5.51303 13.3248 90 93 91 0.193657 2 2736 3 2161
407 -1.58831 5.4939 13.2837 63 64 61 0.355586 2 2729 3 2127 1 2910
406 -3.11421 5.34436 12.7576 69 79 80 0.375414 2 2722 3 1740 1 2976
405 1.02377 6.34898 16.9827 150 151 146 0.488654 2 2718 3 2605 1 2830 4 2490
404 -1.54444 5.45509 13.3169 62 62 62 0.0173306 2 2710 3 2119
403 -1.54518 5.45392 13.3186 62 62 62 0.281682 2 2709 3 2118 1 2882
402 -3.09508 5.30556 12.7943 184 194 199 0.509977 2 2696 3 1731 1 4362
401 -1.04415 5.44477 13.4599 70 71 61 0.355509 2 2691 3 2208 1 2851
400 -1.29681 5.42577 13.4041 165 180 183 0.18897 2 2688 3 2155
399 -1.2962 5.42497 13.4025 165 180 183 0.16809 2 2687 3 2156 1 4326
398 -3.20029 5.24015 12.7574 116 134 138 0.342676 2 2670 3 1680
397 -1.81373 5.32803 13.2712 113 112 109 0.0692945 2 2663 3 2016 1 2859
396 -1.81373 5.32803 13.2712 113 112 109 0.0692945 2 2662 3 2015 1 2858
395 -0.574485 5.39846 13.6227 71 86 94 0.135605 2 2661 3 2286 1 2801
394 -0.984139 5.37474 13.5279 76 78 71 0.0714222 2 2660 3 2190
393 -1.96149 5.27955 13.2304 57 59 56 0.112015 2 2651 3 1964
392 -1.80188 5.28953 13.2969 57 56 55 0.018654 2 2647 3 1998 1 2842
391 -0.869697 5.33246 13.5652 113 113 99 0.211441 2 2636 3 2197 1 2791
390 -1.22037 5.3055 13.4687 52 58 58 0.206558 2 2634 3 2130 1 2806
389 -1.43901 5.28823 13.4103 63 74 75 0.285264 2 2629 3 2075 1 2816
388 -1.34984 5.26953 13.452 110 119 125 0.263519 2 2625 3 2082 1 2798
387 -1.08392 5.27763 13.5243 77 77 69 0.347557 2 2621 3 2145 1 2775
386 -0.388064 5.31758 13.7247 117 126 133 0.496226 2 2616 3 2291 1 4276
385 -0.205349 5.32484 13.7929 156 168 167 0.103017 2 2614 3 2321 4 2007
384 -1.18057 5.25915 13.5038 66 68 63 0.130837 2 2612 3 2113 1 2771
383 1.40037 6.02601 17.2954 141 142 137 0.265054 2 2587 3 2582 1 2674
382 -0.289678 5.24036 13.7874 112 117 120 0.115781 2 2578 3 2282
381 -2.96462 5.0198 12.9272 87 95 101 0.351019 2 2560 3 1638 1 2809
380 -1.4762 5.11945 13.4579 101 97 94 0.298618 2 2556 3 2000 1 2724 4 1642
379 -1.4762 5.11945 13.4579 101 97 94 0.298618 2 2555 3 1999 1 2723 4 1641
378 -0.858028 5.09403 13.6816 112 112 108 0.324132 2 2518 3 2114
377 -0.2389 5.11251 13.8573 112 116 125 0.247223 2 2512 3 2238
376 -1.69722 5.02329 13.4049 90 83 73 0.164615 2 2510 3 1909 1 2702
709 -2.20729 4.64778 13.3363 62 62 60 0.247953 2 4562 3 4149
710 -2.31414 4.69459 13.2926 55 55 51 0.364874 2 4570 3 3406 1 4214
1 -4.77071 -7.81788 35.4377 77 87 50 0.22998 2 44 3 111
711 -1.03417 4.79118 13.747 87 86 80 0.43328 2 4571 3 4191
2 -4.88385 -7.44287 35.1025 79 104 55 0.0284354 2 79 3 2757
712 -2.78256 4.74011 13.0947 80 87 93 0.177076 2 4576 3 3378 4 1330
3 -5.21902 -6.71363 34.4682 74 101 48 0.63012 2 148 3 202
713 -2.5086 4.86794 13.1627 171 191 200 0.131188 2 4580 3 3417 1 4990 4 3477
4 -2.11152 -6.31299 33.1779 100 86 73 0.299114 2 161 3 346 1 121
714 -1.98832 5.10241 13.2799 88 84 83 0.272485 2 4591 3 4181 1 5018
5 -10.6207 -6.24499 34.6215 111 119 71 0.0272788 2 207 3 56
715 -1.56516 5.17456 13.4113 60 57 48 0.253791 2 4594 3 4196 1 5019 4 3571
6 2.50042 -2.2388 18.7573 164 180 188 0.0907363 2 238 3 650
716 -1.37097 5.21312 13.4621 57 65 59 0.178282 2 4599 3 4211 1 5020 4 3596
7 -9.6838 -5.60936 33.9071 73 100 45 0.107701 2 255 3 106
717 -1.46274 5.39693 13.3668 60 70 69 0.223412 2 4614 3 3549 4 1706
8 -0.176869 -1.2795 15.6998 109 119 129 0.0597728 2 298 3 505
718 -4.58749 5.43481 13.3072 78 73 51 0.416656 2 4621 3 1513 1 5487
9 -0.0525354 -0.945986 15.6461 63 73 82 0.674526 2 366 3 570
719 -1.44062 5.46795 13.3511 71 75 76 0.526749 2 4625 3 3561 1 4338
10 -0.443274 -0.805193 15.4916 192 202 211 0.14821 2 393 3 563 1 306
720 -12.5986 7.86448 20.9423 165 153 139 0.67658 2 4643 3 1243
11 -9.91514 -3.70503 31.505 191 190 155 0.59242 2 405 3 2811 4 2994
721 -1.90083 5.96384 12.9847 82 95 103 0.349265 2 4665 3 4242 4 4507
12 -9.5397 -3.67986 31.3766 67 84 40 0.42485 2 407 3 264 1 3483 4 3008
722 2.55206 -2.31672 18.7742 227 238 241 0.125095 2 4721 3 4453
13 -9.71716 -3.54964 31.2539 134 128 104 0.714443 2 421 3 267 1 479 4 3001
723 2.64009 -2.17666 18.6981 90 100 69 1.21789 2 4726 3 4466
14 -14.3206 -3.76131 32.6869 107 113 73 0.148167 2 428 3 83
724 -15.5756 -4.53104 33.5119 103 115 68 0.117707 2 4748 3 4353 1 5593
15 -18.081 -3.12322 32.3823 92 95 50 0.312508 2 502 3 30
725 -0.0890841 -0.90037 15.6431 222 239 243 0.773064 2 4757 3 4440 1 5154 4 4889
16 -0.95537 -0.211878 15.1163 96 113 121 0.515949 2 524 3 3020 4 3171
726 -15.3334 -3.51073 32.5703 117 110 71 0.373296 2 4764 3 3765
17 -0.576988 -0.110102 15.2761 211 221 230 0.1346 2 555 3 3051 1 3488 4 3221
727 -1.895 -0.0713448 13.9357 162 183 190 0.675355 2 4776 3 3898 1 5181 4 3044
18 -0.577007 -0.110793 15.2785 211 221 230 0.101059 2 556 3 3052 1 3489
728 2.02808 -0.372318 16.5396 102 107 109 0.564989 2 4783 3 4850 1 4615 4 5371
19 1.8773 -0.230664 16.4321 87 91 90 0.35642 2 566 3 3166 4 3476
729 2.13764 -0.249895 16.5655 113 121 123 1.15794 2 4788 3 4857 1 5178 4 5594
20 -0.972831 0.0589584 15.0477 99 117 121 0.201047 2 588 3 668 1 535
730 -0.127281 -0.0177689 15.4465 82 83 85 1.3971 2 4795 3 4837 1 5200 4 5319
21 0.799137 -0.0301226 15.8819 32 32 32 0.128823 2 596 3 854 4 3407
731 -0.646948 0.229817 15.1725 77 82 93 0.451878 2 4804 3 4835 1 5616 4 5315
22 -0.854449 0.0940621 15.1103 114 124 133 0.103261 2 602 3 690 4 840
732 0.0130022 0.198395 15.4663 74 74 72 0.243582 2 4805 3 4494 1 5216 4 4927
23 -1.71439 0.130146 15.2498 17 50 48 0.894837 2 610 3 626
733 0.910964 0.157983 15.8882 32 34 31 0.351972 2 4806 3 4849 1 5213 4 5353
24 -0.869152 0.168168 15.0854 116 126 135 0.0949961 2 612 3 694 1 570 4 857
734 -13.0443 -1.46335 29.6715 96 106 60 0.72604 2 4808 3 4395
25 -2.0562 0.358061 14.4648 161 175 181 0.256899 2 641 3 3017 1 3567 4 644
735 1.28823 0.390694 16.0176 72 82 84 0.230476 2 4817 3 4860 4 5368
26 -1.53553 0.280212 15.0054 63 84 86 1.78616 2 642 3 3039
737 3.24091 0.50677 16.7842 163 181 191 0.523421 2 4824 3 4548 1 4683 4 5048
28 1.69648 0.143888 16.259 113 110 88 0.131928 2 645 3 1010 4 1413
738 -2.43324 0.823029 14.1825 214 231 238 0.832418 2 4825 3 4463 1 5644 4 4854
29 -0.983074 0.329884 14.9912 116 129 138 0.151122 2 648 3 718 1 631
739 -0.376303 0.716613 15.1809 206 225 229 0.808498 2 4827 3 4847 1 5638 4 4929
30 -0.638683 0.310852 15.1511 109 113 124 0.119269 2 649 3 761 4 937
740 -12.7929 -0.347387 28.5624 93 104 45 0.167885 2 4831 3 3876 1 5278
31 -0.638683 0.310852 15.1511 109 113 124 0.119269 2 650 3 762 4 938
741 -0.647053 0.82501 15.0494 73 79 79 0.516024 2 4832 3 4500 4 4924
32 -1.62609 0.373061 14.9452 37 55 54 2.66157 2 657 3 680 1 668
742 -0.798172 0.864064 14.9682 71 76 80 0.382808 2 4833 3 3988 1 5241 4 4354
33 -0.752081 0.390738 15.0847 111 126 133 0.144997 2 670 3 763 4 931
743 4.86958 0.977167 17.2363 87 91 94 0.354774 2 4849 3 4604 1 4712 4 5122
34 -0.215441 0.37869 15.3352 72 73 77 0.446156 2 677 3 822 1 641 4 1073
744 3.42918 1.05528 16.6922 42 43 46 0.35702 2 4850 3 4571 1 4718
35 -0.0265127 0.374691 15.4108 101 101 102 0.15929 2 678 3 843 1 642 4 1103
745 0.877024 1.37881 15.5993 63 59 60 0.258349 2 4856 3 4540 1 5272 4 4999
36 1.12303 0.32661 15.9509 128 135 132 0.121819 2 687 3 981 1 617 4 1342
746 3.27553 1.39735 16.5075 59 57 60 0.572844 2 4858 3 5117 4 5630
37 0.0139872 0.409788 15.4322 70 70 73 0.25019 2 690 3 3132 1 3569 4 3357
747 -0.810877 1.68517 14.7953 77 78 78 0.623093 2 4866 3 4024
38 -13.4766 -1.1692 29.4375 99 107 67 0.0715475 2 692 3 316
748 4.17861 1.66913 16.7034 110 119 126 0.63483 2 4869 3 4928
39 1.2553 0.344784 16.0024 55 68 66 0.371038 2 696 3 1004 4 1367
749 -0.0631182 2.01221 15.0453 116 131 136 0.169726 2 4881 3 4542 4 4992
40 1.25651 0.345392 16.0133 55 68 66 0.0477936 2 697 3 1005
750 3.76807 2.36568 16.3065 52 58 53 0.575862 2 4895 3 4942 1 5296 4 5649
41 3.52767 0.236229 17.0059 96 111 116 0.0809076 2 699 3 1237 4 3675
751 -0.25059 2.42312 14.8377 85 89 92 0.118402 2 4897 3 4550 1 5308 4 4460
42 -1.94418 0.539474 14.4889 105 119 128 0.521728 2 706 3 655 1 713 4 693
752 0.768047 2.56855 15.1606 89 97 99 0.308545 2 4901 3 4576 1 5312
43 1.79427 0.341707 16.2612 66 64 51 0.149201 2 707 3 1069 1 624 4 1462
753 -1.51416 2.7073 14.2183 79 84 84 0.393702 2 4905 3 4541 1 5319 4 4951
44 1.60345 0.372585 16.156 123 132 133 0.129329 2 715 3 1051
754 -2.84603 2.7194 13.5665 51 60 55 0.80528 2 4906 3 4023 1 5325
45 1.09521 0.425751 15.9191 113 117 118 0.283201 2 725 3 1003 1 660 4 3458
755 -1.82133 3.20272 13.9436 107 109 95 0.252336 2 4916 3 4549 1 5341 4 4416
46 3.24196 0.33691 16.8635 184 198 206 0.132826 2 727 3 3266 1 613 4 3656
756 0.726703 3.26577 14.923 66 57 54 0.218127 2 4917 3 4606 1 5334 4 5039
47 0.288282 0.501992 15.5549 99 100 105 0.266074 2 732 3 913 1 688
757 -0.354225 3.31479 14.5117 115 126 130 0.0444254 2 4921 3 4583
48 -2.11406 0.651636 14.3875 69 81 86 0.305398 2 743 3 3044 4 3133
758 -1.28277 3.49989 14.0684 57 55 51 0.15672 2 4925 3 4570 1 5346 4 4453
49 0.0448197 0.539579 15.4249 100 99 104 0.0843934 2 745 3 891 1 698 4 1157
759 1.65643 3.61951 15.0529 83 80 73 0.394714 2 4926 3 4946 1 5342
50 -3.12869 0.745887 13.8394 111 126 133 0.44881 2 756 3 575
760 -0.384844 3.64411 14.3775 89 97 104 0.39427 2 4927 3 4602 1 5348
51 -0.745235 0.626265 15.0411 78 85 93 0.216555 2 757 3 816
761 0.655874 4.04582 14.5824 74 73 69 0.270452 2 4932 3 4626 1 5357
52 1.04585 0.568143 15.878 49 47 50 0.0693837 2 765 3 1029 1 701
762 -1.56329 4.8971 13.5015 70 72 71 0.354876 2 4986 3 4182
53 -0.481146 0.651969 15.169 81 94 97 0.257849 2 767 3 3128 1 743
763 -2.20968 4.86951 13.2705 56 57 53 0.38528 2 4987 3 4162 1 5423 4 4464
54 -1.2776 0.704846 14.7679 109 122 131 0.279491 2 773 3 769 1 775
764 -1.26943 4.98136 13.5841 77 77 65 0.653668 2 4992 3 4623 1 5416 4 4498
55 1.56337 0.585499 16.0952 76 80 83 0.33318 2 780 3 3220 1 703 4 3511
765 1.01653 0.303952 15.9015 104 108 109 0.242687 2 5169 3 5079 1 5620 4 5588
56 1.28235 0.632481 15.9546 81 87 85 0.351194 2 787 3 1073 1 725 4 1416
766 1.01644 0.304621 15.8994 104 108 109 0.242027 2 5170 3 5080 1 5621
57 1.34608 0.637236 15.9947 75 81 79 0.612313 2 788 3 3216 1 3617 4 3498
767 1.63807 0.33454 16.1913 120 127 119 0.180101 2 5172 3 5085 1 5624 4 5593
58 -0.631858 0.736212 15.0656 121 131 138 0.215657 2 797 3 855 1 781 4 1049
768 -0.537619 0.87114 15.0948 104 117 125 0.148654 2 5181 3 4848
59 1.88304 0.631231 16.1939 77 83 82 0.15555 2 799 3 1139 1 717 4 1534
769 3.36333 0.744803 16.7197 28 35 41 0.55366 2 5183 3 4554 1 5637
60 -0.961097 0.761621 14.8992 106 115 122 0.0717885 2 804 3 819 4 961
770 0.556176 0.907723 15.5941 56 54 57 0.378291 2 5184 3 5084
61 -2.55722 0.83758 14.1242 113 123 131 0.295522 2 806 3 649 1 846
771 0.444522 1.29673 15.4528 111 116 117 0.446824 2 5192 3 4874 1 5658 4 5367
62 0.87732 0.683114 15.769 49 49 52 0.339501 2 807 3 1035 1 745
772 -1.28115 1.37108 14.6119 212 232 233 0.772426 2 5194 3 4506 1 5661 4 4918
63 -3.11056 0.869096 13.8473 115 128 134 0.0645794 2 811 3 603
773 1.49908 1.31985 15.8561 61 61 63 0.45142 2 5195 3 4890 4 5388
64 -3.11056 0.869096 13.8473 115 128 134 0.0645794 2 812 3 604
774 -0.445949 1.39652 15.0236 73 69 68 0.827451 2 5197 3 4863 1 5664 4 5343
65 1.44636 0.697063 16.0228 71 78 81 0.14032 2 827 3 1106 4 1452
775 1.0849 1.4315 15.6309 62 57 61 0.604364 2 5201 3 4888
66 1.44636 0.697063 16.0228 71 78 81 0.14032 2 828 3 1107 4 1453
776 1.48251 1.50073 15.793 90 90 92 0.656887 2 5205 3 4895 4 5395
67 -1.95214 0.856393 14.4207 78 89 91 0.212714 2 831 3 720 1 853
777 2.79764 1.48189 16.2785 65 59 58 0.274029 2 5206 3 5112 1 5273 4 5627
68 3.27527 0.68397 16.7398 161 178 185 0.330769 2 841 3 3305 1 722 4 1934
778 1.53186 1.84899 15.6861 92 97 100 0.355216 2 5215 3 4897 1 5671
69 1.46041 0.755183 16.0065 106 111 114 0.126897 2 842 3 1117 1 765 4 1472
779 0.634095 2.57415 15.1268 107 114 120 1.21052 2 5231 3 5111 4 5607
70 -0.572365 0.840771 15.0755 127 141 144 0.316962 2 844 3 887 1 3658
780 0.729441 2.70229 15.1283 97 105 108 0.809493 2 5236 3 5116 1 5703 4 5612
71 -0.627503 0.865088 15.0477 68 78 79 0.214088 2 848 3 3148 1 837 4 3334
781 -3.13433 2.67686 13.4218 208 223 230 0.94684 2 5240 3 4514 1 5712
72 0.63165 0.835622 15.6358 75 74 79 0.217621 2 851 3 1042 1 808 4 1335
782 0.60715 2.76754 15.0541 81 71 59 0.379196 2 5241 3 4907 1 5706 4 5396
73 -2.24943 0.979131 14.2598 114 124 134 0.304708 2 862 3 710 1 906
783 0.63973 2.93507 14.9945 64 64 52 0.588625 2 5245 3 4916 1 5320 4 5030
74 0.604478 0.887073 15.6113 49 47 50 0.468463 2 873 3 1048 4 1336
784 1.9023 2.99002 15.4151 75 80 76 0.374769 2 5246 3 4931 4 5421
75 0.889785 0.871245 15.7339 89 90 92 0.14319 2 874 3 1085 1 823
785 -1.93931 2.94861 13.9504 64 65 53 0.340964 2 5247 3 4886 1 5717 4 5337
76 -1.55185 1.04434 14.5675 114 123 122 0.332685 2 903 3 811 1 928
786 -2.3779 3.0208 13.7347 78 87 82 0.561898 2 5248 3 4879 1 5719 4 4932
77 2.22586 0.913896 16.2662 58 57 53 0.139626 2 905 3 1236 1 816 4 1694
787 -2.67939 3.05648 13.5968 87 90 73 0.329111 2 5250 3 4876 1 5721
78 -0.766626 1.05311 14.9533 113 119 122 0.165448 2 914 3 909 1 913
788 -2.55063 3.18727 13.6138 91 93 65 0.573489 2 5254 3 4881 4 4930
79 0.291372 1.01509 15.4552 106 108 107 0.423585 2 915 3 1041 1 886 4 1302
789 -1.69796 3.21726 13.9928 75 70 58 0.273765 2 5255 3 4896 1 5957 4 5354
80 -1.65207 1.11622 14.5053 118 125 127 0.0541444 2 923 3 814 1 963
790 0.398088 3.6319 14.6828 89 78 58 0.260795 2 5260 3 4929 1 5728 4 5038
81 -1.65207 1.11622 14.5053 118 125 127 0.0541444 2 924 3 815 1 964
791 0.397331 3.62973 14.6795 89 78 58 0.0378473 2 5261 3 4930
82 -1.4697 1.11339 14.5985 80 83 88 0.100521 2 925 3 836 4 925
792 -0.107462 3.66395 14.4752 101 105 114 0.722674 2 5262 3 5128 1 5730
83 -1.4697 1.11339 14.5985 80 83 88 0.100521 2 926 3 837 4 924
793 0.868116 3.8498 14.7384 82 75 59 0.419625 2 5267 3 4940 1 5731 4 5065
84 -0.891049 1.09698 14.8761 145 150 150 0.0929895 2 932 3 905 1 938 4 1064
794 -1.18587 3.86164 13.9887 76 73 64 0.352549 2 5270 3 4913 1 5741 4 5377
85 0.712235 1.05774 15.6292 53 51 54 0.309334 2 937 3 1100 1 898 4 1383
795 0.00355046 4.01023 14.3969 85 84 78 0.339846 2 5272 3 4933 4 5402
86 -0.708464 1.14976 14.9535 116 125 122 0.409497 2 954 3 949 1 966
796 -2.13652 4.13727 13.5297 109 114 118 0.021901 2 5276 3 4903
87 0.357137 1.11616 15.4585 106 106 108 0.298081 2 955 3 1071 1 929 4 1331
797 -0.715764 4.21781 14.0672 68 72 71 0.540531 2 5277 3 4610 4 5022
88 2.27919 1.08143 16.2215 65 67 55 0.213019 2 961 3 1281 1 878
798 -2.06512 4.38221 13.4724 67 67 69 0.449628 2 5285 3 4918 1 5979 4 5370
89 2.22523 1.16916 16.1691 126 122 111 0.207902 2 978 3 1299 1 908 4 1751
799 -2.28472 4.45483 13.368 87 88 92 0.247471 2 5287 3 4593 1 5761
90 2.36881 1.19182 16.2082 109 108 102 0.250184 2 986 3 1317 1 914 4 1785
800 -2.65541 4.76402 13.1377 87 92 95 0.379551 2 5298 3 4600 1 5777 4 4439
91 -1.19571 1.29398 14.693 122 125 130 0.105186 2 989 3 911 1 1035 4 1032
801 -1.15292 5.40402 13.4536 52 55 60 0.285008 2 5315 3 4647 1 5804 4 5034
92 -0.880902 1.27861 14.8478 124 129 134 0.146462 2 990 3 959 1 1019 4 1098
803 2.51952 0.0250453 16.6581 89 96 104 0.588731 2 5414 3 5261 1 5603 4 5770
94 -1.31735 1.31841 14.6194 239 250 255 0.0277532 2 993 3 900
804 -1.74484 0.482707 14.5524 148 167 171 0.450756 2 5416 3 4830 1 5900
95 1.27664 1.24809 15.7867 58 58 60 0.28434 2 994 3 1201 1 968
805 -1.23519 0.826541 14.7644 71 80 81 0.408955 2 5422 3 5244 1 5909 4 5569
96 5.24199 1.17823 17.2511 70 77 79 0.147103 2 997 3 3450
806 -1.00119 1.00531 14.8387 78 83 86 0.502979 2 5426 3 5076 1 5917 4 5573
97 -1.49887 1.33998 14.5344 74 80 80 0.456705 2 1000 3 886 1 1059 4 959
807 1.10032 1.15467 15.7542 107 107 109 0.386603 2 5437 3 5265 1 5919 4 5762
98 2.25863 1.26709 16.1578 67 64 57 0.163862 2 1008 3 3312 4 3633
808 -1.71484 2.59709 14.1477 88 93 96 0.734068 2 5459 3 5090 1 5943 4 5334
99 1.39126 1.3106 15.81 104 104 106 0.0871512 2 1021 3 1228 1 995 4 1555
809 -1.59042 2.89592 14.1398 69 69 67 0.397189 2 5463 3 5095 1 5949 4 5351
100 1.88843 1.33067 15.9913 101 101 99 0.307608 2 1029 3 3291 1 992 4 3602
810 0.812584 2.95121 15.0745 65 61 58 0.377088 2 5464 3 5125 1 5947 4 5615
101 0.0800911 1.38402 15.2746 107 109 108 0.281872 2 1031 3 1099 1 1047 4 1323
811 0.535083 3.00591 14.9222 64 64 54 0.608606 2 5467 3 4915 1 5948 4 5397
102 0.963703 1.39578 15.6226 94 94 94 0.0699462 2 1039 3 3255 1 1028 4 3516
812 -2.46419 3.10015 13.6672 142 149 137 0.431026 2 5469 3 4880 1 5956 4 5326
103 1.52107 1.38469 15.8375 51 51 53 0.188692 2 1041 3 1262 4 1606
813 -1.56982 3.32717 14.0179 68 68 57 0.771887 2 5472 3 5106 1 5960
104 -0.18506 1.42551 15.1357 107 113 113 0.325035 2 1044 3 1081 1 1067
814 0.81303 3.65088 14.7978 81 79 69 0.923306 2 5478 3 5137 1 5961 4 5622
105 1.74694 1.38251 15.9243 57 58 60 0.520619 2 1046 3 1289 1 3728 4 1671
815 -1.00682 3.64457 14.1384 91 95 98 0.613437 2 5479 3 5119 1 5733 4 5378
106 1.26535 1.40944 15.7187 60 58 59 0.199348 2 1052 3 3267 1 1029
816 -5.06921 3.75807 14.0034 30 37 29 2.16091 2 5480 3 3202 1 5971
107 2.23056 1.42512 16.0983 67 58 51 0.254527 2 1065 3 1370 1 1014 4 3646
817 -0.807173 3.7798 14.1765 91 96 101 0.398788 2 5482 3 4919 1 5737 4 5386
108 0.836159 1.47586 15.5574 63 61 62 0.308951 2 1073 3 1198 4 1471
818 -0.0108672 3.80613 14.4619 112 121 128 0.471324 2 5483 3 5132 1 5735 4 5400
109 2.42516 1.44599 16.154 61 57 48 0.158881 2 1074 3 1400 1 1020 4 1856
819 -0.0108672 3.80613 14.4619 112 121 128 0.471324 2 5484 3 5133 1 5734 4 5399
110 4.80913 1.40928 17.0386 82 83 85 0.930683 2 1075 3 3454 1 957 4 4634
820 0.375819 4.09011 14.4834 100 106 104 0.437081 2 5485 3 5141 1 5966 4 5619
111 2.86042 1.45666 16.3305 63 63 61 0.205143 2 1084 3 1469 1 1017
821 0.375155 4.08921 14.4795 100 106 104 0.47858 2 5486 3 5142 1 5967
112 -0.521608 1.52905 14.9606 105 105 107 0.339963 2 1092 3 1061 1 1109 4 1232
822 -1.93055 4.06081 13.6212 96 99 96 0.773968 2 5488 3 5115 1 5973 4 5366
113 -1.77426 1.57764 14.3505 113 128 126 0.380014 2 1100 3 904 1 1149
823 0.637379 4.33131 14.4658 91 88 79 0.452285 2 5494 3 5152
114 1.56075 1.55372 15.7954 64 64 62 0.175496 2 1115 3 3300 1 3756 4 3587
824 -0.158095 4.44527 14.1637 118 123 127 0.329894 2 5499 3 5143 1 5975 4 5407
115 2.39951 1.55027 16.1097 63 59 52 0.228925 2 1121 3 3341 1 1062 4 3672
825 -2.61781 4.32514 13.2895 88 97 96 0.525466 2 5500 3 5113 1 5981 4 5355
116 -0.965288 1.61395 14.7361 72 76 79 0.114995 2 1124 3 1024 4 1145
826 -2.36179 4.663 13.2776 69 67 61 0.819955 2 5504 3 4921
117 1.6277 1.6275 15.7982 62 62 62 0.14589 2 1137 3 3313 1 1104 4 3599
827 -0.508504 5.14471 13.7558 101 108 114 0.439885 2 5514 3 5158 1 5998 4 5618
118 2.24538 1.65864 16.0298 101 93 82 0.25464 2 1151 3 3343 1 1103 4 1859
828 -3.19167 5.32266 12.7479 108 119 123 0.728428 2 5520 3 5131 1 6007 4 4978
119 2.80408 1.66051 16.2291 108 105 93 0.258284 2 1152 3 3360 1 1090 4 3713
829 -15.2163 -3.83535 32.9357 112 114 74 0.31042 2 5557 3 5021 1 6054
120 0.989783 1.69581 15.5367 57 56 54 0.31131 2 1160 3 3280 4 1537
830 -16.3849 -3.3348 32.5488 82 91 44 0.507315 2 5560 3 5020
121 1.94455 1.68133 15.9028 65 66 70 0.163391 2 1162 3 1398 1 1114
831 1.90293 -0.0158254 16.3798 124 124 124 0.842599 2 5571 3 5356 4 5879
122 -0.396603 1.73804 14.9816 195 210 215 0.287817 2 1172 3 1122 1 1177
832 1.2013 0.176858 15.9829 41 47 48 1.25122 2 5578 3 5251 1 6055 4 5754
123 4.29187 1.70842 16.7238 125 134 131 0.770289 2 1184 3 1812 1 1076 4 3850
833 1.86989 0.27119 16.2978 78 76 65 0.351342 2 5579 3 5437 1 6057 4 5957
124 0.592068 1.81671 15.3513 108 113 116 0.118693 2 1201 3 1251 1 1182
834 0.941673 0.483752 15.8285 48 48 50 0.380657 2 5583 3 5355 1 6062 4 5875
125 -1.7643 1.8631 14.2907 114 123 128 0.108477 2 1204 3 985 1 1256
835 -0.877625 0.576096 14.9967 73 81 83 0.19057 2 5584 3 5242 1 6064 4 5733
126 1.00476 1.84753 15.5091 70 68 71 0.240456 2 1210 3 1308 4 1569
836 -0.877625 0.576096 14.9967 73 81 83 0.19057 2 5585 3 5243 1 6065 4 5734
127 0.737051 1.86073 15.3972 113 120 124 0.121925 2 1211 3 1274 4 1520
837 1.22477 0.601333 15.9367 106 111 111 0.69493 2 5587 3 5259 1 5901 4 5758
128 0.833322 1.86407 15.4327 116 117 121 0.259247 2 1212 3 1288 1 1203 4 1533
838 -1.0371 0.769701 14.8824 103 117 124 0.916701 2 5589 3 5245 1 6066 4 5732
129 1.11105 1.85612 15.5401 64 63 59 0.240813 2 1213 3 1323
839 -0.562934 1.0695 15.0476 71 73 72 0.335609 2 5596 3 5250 1 6071 4 5743
130 2.32425 1.87541 15.9836 112 106 92 0.251809 2 1215 3 3356 1 1160 4 3687
840 2.58961 1.05453 16.3418 66 62 57 0.952976 2 5597 3 5369 1 6070 4 5889
131 2.07979 1.87714 15.8926 58 57 54 0.279717 2 1217 3 1472 4 1858
841 -1.02354 1.70022 14.6768 98 103 106 0.613446 2 5600 3 5257 4 5744
132 -0.858984 1.96995 14.7156 82 86 89 0.482816 2 1229 3 1115
842 -1.05351 1.94576 14.6117 67 71 74 0.724664 2 5603 3 5360 1 6080
133 1.09268 1.96041 15.4835 51 56 59 0.687721 2 1232 3 3319 4 3563
843 -0.750654 2.05659 14.7566 105 112 115 1.5809 2 5606 3 5263 1 5930 4 5751
134 0.321333 2.05256 15.1748 100 114 117 0.120767 2 1236 3 1268
844 1.13602 2.71942 15.2705 92 95 102 0.624014 2 5612 3 5284 1 6093 4 5780
135 3.16894 2.09143 16.2027 73 69 62 0.265362 2 1248 3 3438 1 1227 4 3772
845 -0.242672 2.8225 14.715 71 76 77 0.526598 2 5615 3 5275 1 6102 4 5763
136 -1.79184 2.10548 14.2228 106 118 124 0.225921 2 1249 3 1036 1 1326
846 -0.26576 3.15992 14.6004 88 92 101 0.422278 2 5621 3 5279 1 6105 4 5768
137 3.41583 2.09113 16.2782 96 93 90 0.35959 2 1250 3 3447 1 1219 4 3795
847 0.0971068 3.66141 14.5572 81 84 78 1.09663 2 5625 3 5289 1 6110 4 5778
138 3.81497 2.1458 16.3847 66 70 75 0.343161 2 1264 3 3485 1 1232
848 -1.75841 3.89459 13.7553 103 109 109 0.562982 2 5627 3 5278 1 6119 4 5591
139 -2.17527 2.16414 14.0322 117 126 129 0.176042 2 1265 3 1001 1 1362
849 -2.59273 4.01893 13.3864 64 68 67 1.05007 2 5633 3 5108 1 6124 4 5584
140 -2.17332 2.16363 14.0275 117 126 129 0.0668427 2 1266 3 1002
850 -0.403825 4.4131 14.0881 89 96 104 1.07391 2 5638 3 5382 1 6126 4 5888
141 3.80699 2.23943 16.3305 75 77 81 0.80397 2 1280 3 1928 4 2342
851 -0.766628 4.46189 13.987 82 83 69 0.600849 2 5641 3 5136 1 6127
142 1.71541 2.38972 15.5962 122 133 139 0.33303 2 1316 3 1571 4 1876
852 -0.473688 4.98316 13.83 114 119 123 0.83577 2 5646 3 5299 1 6134 4 5781
143 -2.35538 2.37742 13.8864 115 124 123 0.067677 2 1319 3 1026
853 -8.79926 -4.58891 31.3199 107 139 77 1.71384 3 5196 1 6174
144 0.160514 2.44969 14.9876 132 132 124 0.124283 2 1333 3 1355 1 1389 4 1499
854 -0.755915 0.789538 15.0123 79 84 89 0.434922 2 5691 3 5345 4 5864
145 1.61315 2.47023 15.5102 121 128 135 0.34535 2 1335 3 1584 1 1357 4 1864
855 2.64464 0.71967 16.4878 99 104 107 0.857323 2 5694 3 5446 1 6197 4 5963
146 -1.98304 2.46461 14.0562 116 124 126 0.211811 2 1339 3 1096 1 1459 4 1089
856 1.14717 0.894922 15.8516 62 57 61 0.413651 2 5696 3 5361 1 6200 4 5880
147 -1.98141 2.46325 14.0504 116 124 126 0.0447699 2 1340 3 1097
857 -0.713568 3.61207 14.2916 84 85 87 0.98394 2 5711 3 5282 1 6221
148 1.49586 2.493 15.4666 71 73 76 0.3055 2 1342 3 1566
858 -1.67488 4.20254 13.6787 56 53 48 0.356145 2 5717 3 5285 1 6225 4 5759
149 0.19496 2.49148 14.9909 52 51 46 0.291231 2 1344 3 1369 1 1406 4 1519
859 -1.39314 4.28299 13.7537 99 98 94 0.319395 2 5720 3 5375 1 6228 4 5764
150 4.7746 2.56984 18.2749 166 166 166 0.647481 2 1348 3 2178 4 3992
860 -0.450662 0.420816 15.2129 78 81 88 0.853849 2 5754 3 5428 1 6260 4 5941
151 0.41031 2.53767 15.0521 94 98 101 0.137601 2 1355 3 1413 4 1566
861 0.61633 0.429978 15.7197 95 99 102 1.88171 2 5755 3 5485 1 6193 4 5947
152 2.99306 2.56772 15.9298 118 132 138 0.144953 2 1357 3 1894 1 1354 4 2223
862 -0.229432 1.19953 15.1479 98 100 103 0.786592 2 5763 3 5436 1 6270 4 5946
153 2.74504 2.58536 15.8503 125 134 139 0.193883 2 1364 3 1854 1 1368 4 2175
863 0.52073 1.48843 15.4098 111 117 120 1.96861 2 5765 3 5445 1 6272 4 5955
154 -1.5091 2.5546 14.2625 100 107 115 0.111859 2 1369 3 1173
864 -0.322041 1.88994 14.9715 176 196 207 0.141518 2 5770 3 5444 1 6274
155 0.55895 2.69772 15.0455 75 64 46 0.33716 2 1400 3 1485 1 1461
865 -0.321284 1.88656 15.001 176 196 207 1.07151 2 5771 3 5443 1 6275 4 5950
156 2.5436 2.7264 15.7124 114 126 126 0.22079 2 1404 3 1865 4 2157
866 -2.08343 2.68248 13.9878 93 94 89 0.839413 2 5775 3 5442 1 6281
157 2.75411 2.74647 15.7853 125 130 134 0.195102 2 1407 3 1914 1 1414 4 2208
867 -0.29003 3.76358 14.3748 87 94 99 0.675257 2 5777 3 5455 4 5884
158 0.489398 2.73555 15.0164 72 60 44 0.130836 2 1416 3 1489 1 1474 4 1636
868 -2.47477 4.17935 13.377 62 61 57 0.847266 2 5779 3 5372 1 6288 4 5752
159 2.98478 2.7671 15.8375 84 89 93 0.113785 2 1418 3 1975 1 1415 4 2251
869 -0.60503 4.34034 14.0365 156 177 189 0.736507 2 5780 3 5380 1 6286 4 5885
160 -1.86937 2.74957 14.042 103 107 108 0.078276 2 1434 3 1172 1 1554
870 -1.47162 4.52917 13.6565 55 52 48 0.300074 2 5781 3 5456 1 6289 4 5881
161 -1.86937 2.74957 14.042 103 107 108 0.078276 2 1435 3 1171 1 1555
871 -3.77647 3.13799 13.29 65 75 84 1.42305 2 5821 3 5359 1 6321
162 -2.17142 2.75577 13.8971 102 109 102 0.0812443 2 1437 3 1136
872 -5.21189 3.9563 13.8735 25 27 22 1.25425 2 5828 3 5440 1 6327
163 -2.98162 2.77228 13.5114 103 112 113 0.413026 2 1442 3 1043 1 1634
873 -2.10025 4.13113 13.536 95 100 104 0.80882 2 5831 3 5452 4 5952
164 -1.94845 2.78682 13.9973 62 63 49 0.190964 2 1443 3 1170 1 1573
874 -1.4932 0.123764 14.9056 43 79 80 1.24001 3 5510 1 6341
165 0.0131141 2.83337 14.8136 93 98 103 0.0268793 2 1448 3 1443
875 1.68908 0.977212 16.0143 92 96 97 1.73875 2 5845 3 5546 1 6342
166 0.0131141 2.83337 14.8136 93 98 103 0.0268793 2 1449 3 1442
876 1.1333 1.70816 15.5578 60 59 57 1.10719 2 5849 3 5519 1 6345
167 2.12486 2.87428 15.5422 114 125 121 0.199993 2 1455 3 1832 1 1470 4 2096
877 0.814719 3.09806 15.0252 99 92 74 0.767981 2 5857 3 5524 1 6355 4 6038
168 -2.37298 2.80383 13.7823 85 101 101 0.152258 2 1456 3 1126 1 1613
966 0.634196 4.64027 14.3118 68 70 71 0.273623 2 3813 1 4124 4 3731
257 -0.247903 3.79683 14.3821 77 83 81 0.031073 2 1834 3 1721 4 1675
967 -1.58807 4.45248 13.6338 59 53 47 0.22085 3 3426 1 4142 4 1492
258 -0.247903 3.79683 14.3821 77 83 81 0.031073 2 1835 3 1720 4 1676
968 -1.39973 4.58817 13.6683 56 55 49 0.883627 2 4558 1 4162 4 1549
259 1.31684 3.85722 14.8545 144 150 140 0.299591 2 1841 3 3532 1 1875 4 2087
969 -0.371639 4.88838 13.9386 117 125 127 0.769231 2 3876 3 2132 1 4187
260 3.8134 4.29848 18.7235 174 173 171 0.204483 2 1843 3 2496
970 -2.8055 4.79082 13.074 211 232 244 0.110991 2 3883 1 4248 4 1334
261 -2.96011 3.70551 13.3265 108 116 119 0.26243 2 1844 3 1257 1 2049
971 -1.52759 5.09798 13.4446 60 56 53 0.695178 2 3918 1 4266 4 1627
262 -2.05646 3.74577 13.6721 56 60 53 0.194403 2 1845 3 1391 1 2015
972 -1.08712 5.52424 13.4187 69 73 74 0.537944 3 3587 1 4339 4 1818
263 0.632626 3.85395 14.6585 149 148 135 0.141872 2 1847 3 1920 1 1914
973 -1.23207 5.53358 13.373 119 132 138 0.096907 2 3994 3 2203 1 4346
264 0.632626 3.85395 14.6585 149 148 135 0.141872 2 1848 3 1921 1 1915
974 -1.26076 5.62977 13.3222 95 95 87 0.228098 2 4009 1 4363 4 1796
265 -2.14446 3.76072 13.6271 106 99 83 0.183231 2 1857 3 1383 4 1296
975 -3.58109 -6.00232 32.7153 52 69 26 0.957826 2 4153 1 4531 4 4294
266 -1.56623 3.78675 13.8563 119 122 119 0.0345094 2 1859 3 1477 1 1997
976 3.16614 0.333503 16.8348 99 104 107 0.414687 2 4311 1 4669 4 5405
267 0.513076 3.87783 14.6179 115 118 116 0.168739 2 1863 3 1906 1 1927 4 1879
977 -12.7999 -2.28737 30.3492 175 169 153 0.16602 2 4274 1 4703 4 2922
268 3.74927 4.34656 18.6924 170 171 165 0.27274 2 1865 3 2501 1 1866
978 2.30076 1.19188 16.1874 62 64 59 0.707508 3 4079 1 4733 4 4515
269 -1.15055 3.82214 14.017 66 64 54 0.246148 2 1866 3 1550 1 1987
979 0.730179 1.13783 15.6123 52 48 47 0.419726 2 4347 1 4735 4 4454
270 -0.273355 3.87523 14.3408 72 76 78 0.473278 2 1871 3 1735 1 1967 4 1683
980 -14.0202 -0.850567 29.1 166 160 148 0.639533 2 3360 3 2864 1 4744
271 -2.00421 3.86145 13.6576 44 45 40 0.0282107 2 1888 3 1438
981 -0.605123 1.52708 14.9177 73 74 78 0.553266 2 4363 1 4765 4 4406
272 -2.05003 3.86061 13.6419 116 115 110 0.0707595 2 1896 3 1428 1 2067
982 -0.913301 1.5293 14.7773 71 77 76 0.530334 2 4362 1 4766 4 4389
273 -0.985594 3.94111 14.04 60 59 54 0.480917 2 1909 3 1626 1 2032 4 1523
983 2.20463 2.13984 15.8452 65 72 75 0.79363 3 4595 1 4791 4 5416
274 -1.28342 3.93667 13.9155 114 116 102 0.278084 2 1911 3 3373 1 4075
984 0.976006 3.44983 14.9367 145 144 127 0.114998 2 4493 1 4880 4 4535 3 4612
275 -1.1381 3.95109 13.9786 60 57 50 0.380594 2 1916 3 1598
985 0.976575 3.44996 14.9377 145 144 127 0.0578605 2 4494 1 4881 4 4536
276 -2.32047 3.90658 13.5319 99 104 108 0.0817118 2 1919 3 1396
986 0.892596 3.55116 14.8695 130 131 115 0.313079 3 4615 1 4887 4 4534
277 -1.90945 3.93429 13.6716 46 45 41 0.154894 2 1922 3 1462 1 2098 4 1355
987 1.66565 3.75755 14.9965 75 74 75 0.668471 3 4223 1 4892 4 4582
278 -1.90945 3.93429 13.6716 46 45 41 0.154894 2 1923 3 1463 1 2099 4 1356
988 -1.48046 3.43157 14.0115 170 174 159 0.0842336 3 4092 1 4895 4 4442
279 -2.81406 3.89813 13.3421 97 102 110 0.11107 2 1926 3 1322 1 4090
989 -0.283465 4.47017 14.1266 105 110 114 0.539017 3 3508 1 4951 4 3645
280 0.396168 4.04926 14.5019 103 109 105 0.360847 2 1932 3 1955 1 2004
990 -1.44885 4.52466 13.6655 56 53 48 0.350273 2 4552 1 4956 4 3534
281 3.30951 4.55043 18.404 229 227 228 0.65807 2 1933 3 2500
991 -1.14202 5.54477 13.4014 121 134 142 0.254959 3 3585 1 5036 4 1809
282 -2.18264 3.95512 13.56 108 114 115 0.112129 2 1941 3 1436
992 2.35974 -0.14278 16.6406 82 91 96 0.200533 3 4861 1 5187 4 5379
283 -1.87987 3.98136 13.6696 46 45 40 0.0827391 2 1943 3 1497 1 2115
993 2.43075 -0.0495968 16.648 82 93 97 0.126025 3 4522 1 5197 4 5008
284 -1.87987 3.98136 13.6696 46 45 40 0.0827391 2 1944 3 1496 1 2116
994 2.43075 -0.0495968 16.648 82 93 97 0.126025 3 4523 1 5198 4 5009
285 -1.99207 3.9894 13.6232 58 59 55 0.220759 2 1952 3 1471 1 2128
995 -0.464404 0.784139 15.1471 90 101 108 0.605561 3 4503 1 5236 4 4928
286 0.336159 4.09427 14.4647 110 113 118 0.288007 2 1953 3 1960 1 2026 4 1878
996 1.54962 1.02539 15.9606 68 76 78 0.216931 2 4844 1 5246 4 5012
287 3.41917 4.62847 18.4616 168 168 168 0.382776 2 1958 3 2529 4 2697
997 1.54962 1.02539 15.9606 68 76 78 0.216931 2 4845 1 5247 4 5013
288 0.606319 4.12039 14.5353 145 147 134 0.113932 2 1960 3 2036 1 2022 4 1970
998 0.922281 1.1411 15.6894 66 64 65 0.259731 3 4875 1 5255 4 5375
289 -2.08856 4.02516 13.5793 109 115 116 0.286318 2 1975 3 1459 1 4091
999 -2.5372 4.07358 13.3868 52 52 52 0.198566 2 4941 1 5373 4 4420
290 0.393313 4.14518 14.4631 121 127 127 0.132948 2 1976 3 1994 4 1901
1000 -1.92442 4.26734 13.5668 62 63 67 0.364509 3 4126 1 5382 4 4455
291 0.393313 4.14518 14.4631 121 127 127 0.132948 2 1977 3 1993 4 1902
1001 -2.14188 4.71998 13.3524 56 56 56 0.739403 3 4157 1 5409 4 3497
292 0.492815 4.147 14.4895 114 115 111 0.124715 2 1978 3 2019 1 2041 4 1944
1002 -5.05131 4.67219 13.7385 48 51 44 0.386843 2 4973 3 3271 1 5427
293 3.24777 4.66299 18.3732 158 156 157 0.10821 2 1979 3 2521
1003 -0.560658 5.50688 13.5876 108 121 126 0.279198 2 5025 1 5454 4 4547
294 -1.72783 4.05882 13.7047 47 52 46 0.0379205 2 1985 3 1530
1004 -0.70129 5.59296 13.4297 169 191 202 0.44536 2 5030 1 5467 4 5056
295 0.620228 4.16458 14.5158 85 80 61 0.398066 2 1986 3 2046 1 2044 4 1980
1005 -11.2644 -3.8541 31.5048 73 76 57 0.903988 2 4758 1 5592 4 4797
296 -2.76673 4.01341 13.3134 102 107 111 0.152374 2 1990 3 1367 1 4100
1006 1.33255 1.08325 15.8938 56 54 58 1.15517 2 5433 1 5647
297 -2.76699 4.01445 13.3141 102 107 111 0.0688045 2 1991 3 1368
1007 0.457555 1.12687 15.5005 73 74 74 0.34335 2 5188 1 5650 4 5362
298 -2.52892 4.02687 13.3982 58 60 55 0.137251 2 1992 3 1401 1 2178
1028 1.41637 2.50487 15.4569 72 73 77 0.48878 2 5817 1 6316 4 6007
319 0.386399 4.39929 14.3464 113 117 118 0.0664905 2 2111 3 2088
1029 -1.66551 0.0734264 14.261 24 48 50 0.351026 2 3247 1 3502
320 0.386399 4.39929 14.3464 113 117 118 0.0664905 2 2112 3 2089
1030 -2.63214 4.48632 13.2316 50 50 49 0.0861183 1 4174 2 4555 4 1313
321 -1.46644 4.31212 13.7256 121 122 119 0.0601702 2 2117 3 1665 1 2249
1031 2.1918 1.28135 16.1128 61 58 52 0.323971 2 1017 3 1316 4 1764
322 -1.46644 4.31212 13.7256 121 122 119 0.0601702 2 2118 3 1666 1 2248
1032 0.821924 4.18799 14.5669 78 79 72 0.402599 1 2045 2 1994 4 2034
323 -2.54989 4.25693 13.3332 52 56 57 0.169094 2 2122 3 1458 1 2323
1033 2.1905 3.20509 15.4076 69 73 76 0.261258 2 1599 3 1986 4 2163
324 0.583223 4.41999 14.3966 114 120 120 0.481722 2 2125 3 2142 1 4095 4 2020
1034 -1.78494 -0.101255 15.2937 31 51 54 2.50926 3 3011 4 3121
325 0.146952 4.41058 14.2696 112 118 118 0.282661 2 2129 3 2049 1 4099
1035 -0.568547 0.959719 15.0658 69 73 76 0.267946 1 3678 3 912 4 3347
326 0.657551 4.4455 14.3998 111 115 119 0.309866 2 2141 3 2162 1 2168
1036 -2.73599 4.34425 13.2321 50 50 48 0.301051 1 4961 3 4104 4 3436
327 -1.98772 4.32436 13.53 104 108 111 0.255471 2 2154 3 1578 1 4131
1037 2.35353 2.08158 15.914 58 54 50 0.567389 1 3819 2 1246 4 3709
328 -1.24903 4.36751 13.7917 124 125 120 0.1081 2 2155 3 1734 1 2263
1042 -1.29821 0.543746 14.7931 88 106 116 0.251136 2 4818 3 4475 1 5226 4 4304 2 4310 3 3964
333 -1.00927 4.41795 13.8673 111 113 108 0.149095 2 2167 3 1807 1 2274
1043 -1.7166 -0.00194674 15.1182 0 0 0 0.677468 2 5407 3 4811
334 -0.722609 4.45902 13.9745 68 79 71 0.25433 2 2180 3 1880 1 2276
1041 -1.39944 2.68551 14.2757 102 113 121 0.61194 2 5239 3 5094 4 5349
332 -1.42689 4.39646 13.7144 56 55 51 0.071771 2 2166 3 1714 1 2311 4 1512
1040 -2.43384 0.819899 14.182 214 229 236 0.668795 2 4826 3 4464 4 4853
331 -1.48416 4.38982 13.6932 107 107 105 0.0605412 2 2165 3 1701 1 2310
1039 4.8429 0.728626 17.3224 125 135 144 0.625035 2 868 3 1556 4 3825
330 -0.134711 4.45343 14.1685 124 127 132 0.166249 2 2159 3 2008 1 2225
1038 0.804889 4.27078 14.5182 75 80 76 0.274206 2 3766 3 3557 4 3723
329 -2.37671 4.31448 13.3833 105 105 107 0.0856714 2 2156 3 1514 1 2343
1027 0.485638 0.871953 15.5762 63 61 64 2.214 2 5810 1 6308 4 6032
318 0.515109 4.38375 14.3831 113 118 121 0.162098 2 2102 3 2110 1 2153
1026 -1.69627 4.39161 13.6191 82 76 60 0.360353 2 5640 1 6129 4 5595
317 -3.03201 4.20755 13.1546 107 110 112 0.31181 2 2101 3 1380 1 4137
1025 -3.28769 4.01657 13.0905 93 104 105 0.196191 3 5099 1 6125 4 5327
316 0.260103 4.33823 14.3381 119 123 119 0.319347 2 2077 3 2041 1 2146 4 1908
1024 1.96118 2.80653 15.5112 108 113 119 0.557238 2 5613 1 6094 4 5895
315 0.129895 4.3379 14.3011 112 122 124 0.182289 2 2076 3 2023 1 2151 4 1875
1023 -0.745832 0.342003 15.1215 104 114 124 0.40137 3 5239 1 6058 4 5731
314 0.396288 4.31203 14.3846 105 113 115 0.200243 2 2063 3 2065 1 2124
1022 0.662012 -1.36277 15.0718 33 30 25 1.62056 2 5544 3 4796 1 6026
313 -2.26065 4.1582 13.469 100 103 105 0.193333 2 2054 3 1483 1 4117
1021 -1.173 5.54267 13.3947 111 125 134 0.334103 2 5521 1 6005 4 5403
312 -2.26065 4.1582 13.469 100 103 105 0.193333 2 2053 3 1482 1 4116
1020 -3.24094 4.85268 12.8693 96 106 108 0.351641 2 5512 1 6002 4 4955
311 0.18387 4.24773 14.3303 76 79 73 0.198062 2 2042 3 1992 1 2105
1019 -0.814164 4.9689 13.7622 84 88 82 0.18177 3 5150 1 5992 4 5035
310 0.18387 4.24773 14.3303 76 79 73 0.198062 2 2041 3 1991 1 2104
1018 -2.7075 4.15056 13.3084 76 81 84 0.554455 2 5493 1 5977 4 5348
309 -2.69602 4.10431 13.347 108 111 116 0.60914 2 2033 3 1399 1 2236 4 1256
1017 -3.17583 2.8415 13.387 89 97 100 0.66418 2 5462 3 5082 1 5952 4 5309
308 -4.18179 4.11 13.2762 26 37 43 2.23994 2 2032 3 3264
1016 -0.965956 1.50492 14.768 82 88 85 1.24836 3 5255 1 5927 4 5742
307 -1.76223 4.12152 13.6738 52 52 46 0.160451 2 2024 3 1547 1 2173
1015 2.81523 1.01811 16.4722 106 111 114 1.36162 2 5432 1 5913 4 5891
306 -1.39087 4.12842 13.8169 63 68 62 0.180389 2 2020 3 1616 1 2150
1014 -3.11244 3.91249 13.199 71 78 86 0.51878 2 4935 1 5749 4 4385 4 4933
305 -1.60248 4.11037 13.7342 110 112 111 0.174362 2 2012 3 1570 1 2156
1013 -0.808444 3.77922 14.1732 92 93 98 0.277451 2 5481 1 5736 4 5387
304 0.600436 4.20351 14.4978 151 144 128 0.0633627 2 2008 3 2066
1012 -5.90948 2.08595 14.699 212 229 236 0.104113 2 4884 1 5701
303 -2.98226 4.03376 13.2167 90 95 98 0.212488 2 2007 3 1339 1 2216
1011 1.52629 2.48573 15.4909 86 93 97 0.361716 3 4917 1 5687 4 5409
302 0.225996 4.18733 14.398 106 110 113 0.12395 2 2003 3 1973 4 1869
336 -2.08651 4.43422 13.4558 55 57 59 0.17794 2 2196 3 1596 1 2392
1010 -1.38202 2.19227 14.4161 99 108 115 0.127314 3 4873 1 5684 4 5333
301 -0.363062 4.15268 14.2151 118 125 131 0.0638815 2 2001 3 1828 4 1727
335 0.227145 4.52053 14.2464 113 115 114 0.219252 2 2185 3 2104 1 2237
1009 1.29885 1.62856 15.67 61 60 59 0.388037 3 5100 1 5666 4 5605
300 -0.695471 4.13774 14.0958 58 67 64 0.118142 2 2000 3 1755 4 1634
1008 -0.443244 1.39935 15.029 69 70 64 0.479348 2 5196 1 5663 4 5342
299 -2.48527 4.04356 13.4101 97 101 100 0.0286738 2 1998 3 1411 1 2187
965 0.192472 4.55929 14.2221 80 80 72 0.187993 2 3801 1 4122 4 1953
256 -2.03418 3.70886 13.6923 118 127 124 0.29101 2 1830 3 1385
964 0.684935 4.5132 14.3918 114 114 122 0.495945 2 3793 1 4106 4 2068 3 2187
255 1.54642 3.78551 14.9498 124 129 127 0.296281 2 1812 3 2083 1 1832 4 2126
963 0.331231 4.19885 14.4299 102 106 107 0.393197 2 3758 1 4080 4 1893
254 -0.927644 3.6872 14.1565 108 109 111 0.234924 2 1808 3 1541 1 1923
962 -0.0876121 4.0942 14.3345 103 108 112 0.399888 2 3751 1 4073 4 1771
253 -0.927644 3.6872 14.1565 108 109 111 0.234924 2 1807 3 1540 1 1922
961 -1.10441 3.80435 14.0403 138 134 130 0.176679 2 3731 1 4056 4 1479
252 -0.138299 3.68797 14.4636 122 125 132 0.176224 2 1799 3 1693 1 1873 4 1679
960 -0.1784 3.73066 14.433 78 82 91 0.17087 2 3718 1 4030 4 3592
251 -0.64731 3.67468 14.2754 65 72 75 0.413618 2 1798 3 1595 1 1899 4 1545
959 -1.52947 3.37833 14.0024 75 76 60 0.171052 2 3684 1 4000 4 1341
250 -2.1249 3.60136 13.6964 97 103 103 0.0786983 2 1789 3 1340 1 1957
958 1.83778 3.37056 15.2365 67 65 66 0.463557 3 4194 1 3949 4 3746
249 -1.06107 3.63324 14.1104 97 103 105 0.174519 2 1786 3 1516 1 1907 4 1449
957 0.699795 3.01978 15.0002 153 151 137 0.0978993 2 3635 1 3922 4 3620
248 -1.06107 3.63324 14.1104 97 103 105 0.174519 2 1785 3 1515 1 1906 4 1448
956 0.032241 2.89647 14.8069 95 100 103 0.503626 2 3617 1 3914 4 1550 3 1456
247 4.23716 4.05601 18.9336 68 67 63 0.0561297 2 1775 3 2492
955 1.6758 3.03268 15.3373 143 144 140 0.180657 2 4453 1 3913 4 3712 3 4169
246 0.462295 3.62893 14.6942 78 72 54 0.132948 2 1768 3 1794
954 -2.07476 2.37893 14.0279 100 110 109 0.529782 3 1065 1 3875 4 1056
245 -2.24254 3.49958 13.6725 54 57 49 0.390274 2 1760 3 1295 4 1224
953 1.41214 2.39408 15.483 90 93 100 0.105323 3 3358 1 3851 4 3643
244 1.05934 3.61373 14.8839 84 76 64 0.150463 2 1759 3 3489 4 1981
952 3.33572 1.82607 16.3616 61 57 56 0.593624 2 3522 3 4150 1 3774 4 3770 3 3414
243 0.592938 3.58866 14.7576 76 76 66 0.732228 2 1757 3 3453 4 1841
951 2.88034 1.70013 16.2239 77 71 60 0.293288 2 3506 1 3764 4 4564
242 0.38879 3.58724 14.6867 77 65 41 0.371284 2 1756 3 1756 1 1808 4 1790
950 -1.21374 1.1638 14.7028 73 77 80 0.180557 3 3143 1 3722 4 3289
241 -1.13581 3.53453 14.1122 97 103 101 0.353337 2 1755 3 1464 1 1864 4 1427
949 -11.5221 -1.02048 28.9711 84 94 58 1.58479 2 3340 1 3712 4 476
240 0.830547 3.56496 14.8416 84 81 66 0.0595428 2 1749 3 1845
948 -0.831492 1.07025 14.917 90 94 95 0.657453 2 3429 1 3699 4 3331
239 1.83455 3.58773 15.1331 68 65 58 0.19824 2 1745 3 2069 1 1745 4 3759
947 -0.0390744 0.7383 15.3501 76 79 84 0.288841 2 3391 1 3639 4 3381
238 -2.77533 3.42159 13.459 114 119 123 0.0528744 2 1742 3 1210
946 -0.0390744 0.7383 15.3501 76 79 84 0.288841 2 3390 1 3638 4 3380
237 -2.77517 3.4208 13.4585 114 119 123 0.111592 2 1741 3 1209 1 1909
945 1.85037 0.752672 16.151 83 86 85 0.281645 2 3401 3 3241 1 3634 4 3542
236 1.41879 3.55084 15.0235 124 125 129 0.34604 2 1739 3 1968 1 1749 4 2060
944 -2.11556 0.65162 14.3896 65 79 82 0.300231 2 742 3 3045 1 3633 4 3134
235 0.121792 3.49271 14.6234 104 109 114 0.0470088 2 1736 3 1667 1 1783
943 0.809692 0.710977 15.7396 103 104 108 0.0716453 3 4521 1 3629 4 4437 4 4981
234 -1.329 3.44464 14.0702 88 88 85 0.228866 2 1735 3 1412 1 1830
942 -13.7497 -2.37824 29.9778 145 157 135 0.464145 2 3235 1 3618 4 214
233 -2.20353 3.41572 13.7161 85 94 93 0.0184171 2 1734 3 1279
941 -1.46478 0.578795 14.7099 101 120 127 0.3528 3 3080 1 3616 4 3199
232 1.93117 3.50081 15.195 102 93 76 0.231682 2 1722 3 2051 1 1700 4 2160
940 -2.95224 0.542456 14.0201 73 90 98 0.336428 2 3330 3 2993 1 3615
231 1.50356 3.48902 15.0772 110 113 113 0.221745 2 1721 3 1961 1 1721 4 2067
939 -0.717448 0.574165 15.0678 231 242 248 0.107225 3 806 1 3612 4 986
230 -2.35485 3.37553 13.6445 40 44 39 0.35479 2 1718 3 3275
938 -1.19449 0.538787 14.8471 129 142 153 0.276843 2 723 3 3092 1 3605
229 0.191798 3.43927 14.6748 108 111 116 0.147179 2 1715 3 1658 4 1712
937 -13.3483 -2.50906 30.2702 143 152 135 0.242903 2 3231 1 3599 4 2868
228 0.570592 3.44696 14.8054 74 68 56 0.209384 2 1713 3 1738 1 1743 4 1805
936 -0.419039 0.496402 15.2213 68 75 78 0.264628 2 3347 1 3588 4 3311 3 3123
227 1.89906 3.44698 15.2068 65 61 50 0.524785 2 1708 3 3520 1 1687 4 3753
935 0.368333 0.227008 15.6281 64 63 68 0.671 3 3987 1 3540 4 4399
226 -1.88565 3.33822 13.8709 113 119 117 0.0883084 2 1704 3 1304 1 1814
934 -11.1673 -3.72306 31.5144 142 145 108 0.117993 2 3181 1 3492 4 343
225 0.0603302 3.39403 14.6391 107 110 119 0.0840378 2 1700 3 1619 4 1670
933 -11.4846 -3.80163 31.4977 152 156 136 0.124572 2 3177 1 3486 4 306
224 1.34302 3.41817 15.0651 82 83 78 0.130618 2 1697 3 1893 4 2010
932 -10.9267 -4.04311 31.7252 37 41 21 0.291072 2 3168 1 3470 4 2935
223 0.870943 3.39109 14.9271 143 138 119 0.194393 2 1689 3 1779 1 1705 4 1870
931 -2.76048 5.65657 12.7984 102 110 112 0.210482 2 2842 3 1940 1 3098
222 1.29928 3.3921 15.0529 110 112 110 0.479677 2 1684 3 1873 1 1686
930 -0.488789 5.30245 13.6933 120 127 135 0.13203 2 2613 1 2737 4 1924
221 -0.996699 3.30906 14.2503 56 56 59 0.164506 2 1681 3 1430 1 1763
929 -0.311669 5.0894 13.8386 112 116 119 0.21549 3 2214 1 2616 4 1931
220 -0.996699 3.30906 14.2503 56 56 59 0.164506 2 1680 3 1429 1 1764
928 -0.311669 5.0894 13.8386 112 116 119 0.21549 3 2215 1 2615 4 1930
219 -2.71643 3.24029 13.5198 108 111 116 0.207938 2 1677 3 1181 1 1820
927 -0.117262 5.1068 13.8832 104 116 119 0.260202 2 2503 3 2259 1 2608
218 4.80176 3.62126 19.2936 69 74 69 0.187384 2 1662 3 3652 1 1604
926 -0.0542599 5.0677 13.9213 109 118 120 0.620643 2 3901 3 2256 1 2577 4 1994
217 1.91042 3.31283 15.2668 68 67 62 0.280645 2 1655 3 1970 1 1642 4 2124
925 0.114813 4.79443 14.0937 78 82 85 0.367367 3 2182 1 2417 4 1987
216 1.46095 3.30775 15.1412 61 61 61 0.177834 2 1654 3 1874 1 1658 4 2018
924 0.386309 4.73086 14.202 122 124 123 0.191096 3 2211 1 2355 4 2037
215 -1.42231 3.23126 14.0979 105 105 106 0.0953252 2 1652 3 1341
923 0.606588 4.1204 14.5358 143 142 137 0.114407 2 1961 1 2023 4 1971
214 1.24727 3.29286 15.0826 75 76 70 0.0907202 2 1650 3 1817
922 -0.247708 3.99035 14.316 108 115 123 0.157316 2 1912 3 1789 1 2016 4 1718
213 2.5079 3.31727 15.4659 103 104 108 0.454901 2 1649 3 3543 1 1617 4 3799
921 0.341395 4.01211 14.5077 109 113 119 0.142239 2 1914 1 1989 4 1861
212 1.30837 3.28879 15.1009 105 107 106 0.169687 2 1648 3 1829 1 1660
920 0.341395 4.01211 14.5077 109 113 119 0.142239 2 1915 1 1988 4 1860
211 -2.86102 3.17051 13.465 83 87 90 0.0620318 2 1647 3 1148
919 -0.766205 3.8591 14.1533 105 106 108 0.149525 2 1875 3 1631 1 1982
210 -2.02499 3.19091 13.8688 75 84 81 0.0858583 2 1645 3 1249 1 1761
918 1.31745 3.85782 14.8554 141 146 140 0.289994 2 1840 1 1874 4 2088
209 -0.800271 3.2147 14.3637 106 107 111 0.135343 2 1642 3 1434
917 0.871532 3.39133 14.9282 142 141 122 0.181056 2 1690 1 1706 4 1871
208 -0.800271 3.2147 14.3637 106 107 111 0.135343 2 1641 3 1433
916 1.41223 3.27216 15.1456 63 63 65 0.255122 3 1853 1 1649 4 1997
207 0.685913 3.23972 14.9122 62 55 45 0.0889992 2 1637 3 1682
915 0.51862 3.18217 14.8742 65 61 49 0.595821 2 3654 3 1627 1 1648
206 -3.23496 3.12127 13.3165 76 80 83 0.139504 2 1631 3 1095 1 1794
914 2.3857 3.25997 15.4475 103 104 108 0.260073 2 1629 1 1601 4 2212 3 2054
205 -2.96702 3.12527 13.4423 115 120 123 0.176847 2 1626 3 1129 1 1782
913 1.30778 3.09911 15.188 143 145 144 0.156356 2 1555 1 1567 4 1933
204 1.12321 3.22389 15.0754 74 75 67 0.282101 2 1622 3 1761 1 1640 4 1895
912 -0.147652 2.86871 14.7305 97 100 104 0.348097 2 1470 1 1535 4 1513
203 2.6171 3.24609 15.5396 107 115 113 0.359356 2 1618 3 3539 1 1577 4 3804
911 0.22154 2.88753 14.872 66 66 71 0.114696 3 1498 1 1531 4 1591
202 -0.948432 3.17244 14.3329 114 114 116 0.198356 2 1617 3 1392 1 3963
910 0.532761 2.9066 14.9774 151 151 134 0.28496 3 1536 1 1528 4 1685
201 -2.91486 3.09565 13.4423 95 101 99 0.659714 2 1610 3 1124
909 2.47689 3.02967 15.5785 101 102 106 0.249442 2 1514 1 1505 4 2197 3 1974
200 2.49373 3.18872 15.5095 110 109 114 0.178674 2 1591 3 2043 4 2222
908 0.503038 2.6828 15.0463 109 95 66 0.283289 3 1466 1 1455 4 1630
199 -2.23367 3.07609 13.7916 82 91 90 0.143363 2 1590 3 1195 1 1719
907 2.98979 2.82733 15.8237 101 105 104 0.217808 2 1436 1 1431 4 2262
198 1.7497 3.15799 15.2999 113 112 108 0.370277 2 1580 3 1871 4 2065
906 -1.6545 2.37244 14.2356 110 118 126 0.0906822 2 1315 1 1417 4 1142
197 1.26154 3.13029 15.1599 78 79 74 0.535448 2 1575 3 1748 1 1585 4 1920
905 -0.146832 2.27887 14.9241 122 126 133 0.291345 2 1297 1 1347 4 1415
196 -3.28463 3.01976 13.3196 81 87 87 0.111557 2 1569 3 1064
904 1.74739 1.97856 15.7291 65 65 67 0.369479 3 1450 1 1224 4 1798
195 0.967501 3.12038 15.0633 54 53 48 0.106831 2 1566 3 1704 1 1599 4 1838
903 -1.02724 1.76245 14.6699 119 125 128 0.129005 2 1182 1 1211 4 1163
194 2.20992 3.12786 15.452 115 119 122 0.276228 2 1561 3 1962 4 2152
902 2.32762 1.95672 15.9623 103 95 83 0.944091 2 3534 3 1527 1 1192 4 3694
193 2.46755 3.11837 15.5539 100 101 105 0.0350544 2 1556 3 2009
901 2.32437 1.82418 15.9996 68 58 48 0.131332 3 1502 1 1147 4 1921
192 1.3069 3.09932 15.1838 148 148 148 0.106836 2 1554 3 1750 1 1566
900 0.702176 1.66864 15.4497 111 112 117 0.092959 2 1147 1 1126 4 1480
191 -1.65094 3.02772 14.0739 111 115 118 0.44618 2 1548 3 1260 1 3956 4 1271
899 -0.901697 1.44166 14.8025 96 99 106 0.336975 3 991 1 1086 4 1121
190 1.95753 3.08443 15.3912 156 155 142 0.180959 2 1542 3 3482 1 1536 4 2095
898 4.67617 1.61492 16.9281 108 120 122 0.748212 2 1146 1 1037 4 3879 3 1858
189 0.751514 3.06288 15.0081 60 56 47 0.174681 2 1539 3 1629 1 3928 4 1773
897 -0.298393 1.14815 15.1661 121 127 127 0.495161 2 959 1 952 4 1203
188 2.29692 3.07904 15.4996 111 115 118 0.140633 2 1530 3 3503 1 1530 4 3767
896 -13.0665 -1.54132 29.77 100 102 73 0.458173 2 3304 1 887 4 342
187 -2.9288 2.94854 13.4931 117 121 124 0.301763 2 1524 3 1094 1 1692
895 -0.50236 0.935504 15.0904 116 127 132 0.359801 2 879 1 867 4 1107
186 0.192521 3.00121 14.8278 92 96 99 0.225055 2 1515 3 1517 1 1574
894 2.24646 1.00742 16.2388 74 74 66 0.157776 2 935 1 855 4 3611
185 2.03463 3.02056 15.4429 107 109 108 0.0727772 2 1513 3 1877
893 1.86324 0.977169 16.0968 116 117 111 0.158966 3 1206 1 849 4 1607
184 0.416789 2.98902 14.9089 91 85 63 0.0273998 2 1512 3 1542
892 0.696004 0.936202 15.6263 75 73 76 0.298473 2 894 3 1072 1 848
183 5.15742 3.22721 19.6195 156 157 152 0.554283 2 1508 3 2388 1 1482
891 -0.251849 0.89396 15.2252 109 115 115 0.249151 2 866 1 844 4 1164
182 -1.71818 2.93363 14.0677 117 118 120 0.150365 2 1506 3 1221 1 1643
890 -1.26052 0.491784 14.8364 113 133 142 0.329108 3 723 1 697 4 833
181 -1.94687 2.92924 13.9572 61 61 51 0.330811 2 1505 3 1196 1 1654 4 1191
889 -1.19023 0.444609 14.8674 109 127 137 0.39848 2 682 1 675 4 839
180 2.6483 2.98392 15.6433 115 116 120 0.184133 2 1500 3 1995 1 1483 4 2220
888 -1.5171 0.358857 15.0646 43 64 62 0.160827 1 669 4 783
179 -1.54221 2.91558 14.1464 55 57 56 0.195939 2 1499 3 1245 1 1626
887 -0.464397 0.112415 15.2692 113 123 132 0.537872 2 3269 1 544 4 939 3 734
178 -1.47899 2.89843 14.184 120 121 122 0.221001 2 1492 3 1250 1 1608 4 1282
886 1.6697 0.0241741 16.2663 82 84 71 0.240557 2 617 1 519 4 3478
177 -2.00255 2.88221 13.9478 67 69 57 0.21146 2 1486 3 1187 1 1636 4 1167
885 -11.5446 -3.92823 31.2628 145 154 133 0.245083 2 375 1 440 4 276
176 -2.34496 2.8734 13.7861 74 88 88 0.137708 2 1485 3 1143 1 1646 4 1088
884 -7.55906 -3.96396 31.4737 74 97 51 0.809839 3 322 1 397 4 600
175 1.72805 2.93685 15.3957 64 64 64 0.153817 2 1484 3 1774 4 2012
883 -3.71325 -5.64768 32.7113 47 52 13 0.371575 2 221 1 203 4 807
174 0.717637 2.91825 15.0301 62 58 49 0.102515 2 1483 3 3377
882 -1.1797 3.24216 14.185 68 68 70 0.501309 2 5910 3 5562
173 0.533223 2.90578 14.9767 153 152 139 0.296638 2 1482 3 1535 4 1684
881 0.981506 1.23962 15.7012 82 81 86 0.112983 2 5908 3 5561
172 1.83127 2.917 15.4247 104 104 109 0.194227 2 1479 3 1790 1 1489 4 2031
880 -2.66392 5.03241 13.0238 167 185 195 1.19944 2 5892 3 5525 1 6399 4 6033
171 -2.32498 2.82983 13.8077 142 159 153 0.155083 2 1473 3 3236 1 1625 4 1085
879 0.675643 2.0372 15.449 95 113 117 2.63791 2 5879 3 5554
170 1.39746 2.88657 15.3039 67 68 64 0.218722 2 1466 3 1690 1 1491
878 -2.55126 3.64823 13.5098 95 101 101 0.68714 2 5859 3 5491 1 6361 4 5990
169 -1.38904 2.83098 14.2517 108 112 114 0.121389 2 1458 3 1240 1 1570
27 1.69648 0.143888 16.259 113 110 88 0.131928 2 644 3 1011 4 1412
93 -1.31735 1.31841 14.6194 239 250 255 0.0277532 2 992 3 899
337 -2.08651 4.43422 13.4558 55 57 59 0.17794 2 2197 3 1597 1 2393
338 -1.65545 4.46023 13.6065 101 97 88 0.251306 2 2200 3 1689 1 2367
339 -1.19467 4.51432 13.7641 56 61 57 0.123015 2 2214 3 1806 1 2358
340 0.346733 4.59767 14.2489 116 120 114 0.253206 2 2219 3 2157 1 2270 4 2001
341 -1.07975 4.53334 13.7988 101 106 104 0.299208 2 2221 3 1839 1 2359 4 1616
342 -0.225309 4.59547 14.0776 111 119 122 0.0901735 2 2232 3 2045 1 2321
343 0.269398 4.61508 14.2243 81 85 84 0.196351 2 2234 3 2152
344 2.42491 5.29357 17.9099 141 143 140 0.323422 2 2246 3 2554 1 2254 4 2592
345 -1.27889 4.58543 13.7072 52 54 49 0.165113 2 2251 3 1811 1 2413
346 -0.479507 4.62941 13.9888 128 135 142 0.353899 2 2252 3 2007 4 1783
347 -1.35157 4.62768 13.6606 50 47 42 0.128686 2 2277 3 1814 1 2438
348 -1.35157 4.62768 13.6606 50 47 42 0.128686 2 2278 3 1815 1 2439
349 -2.23049 4.58805 13.3579 97 97 96 0.271082 2 2286 3 1624
350 -2.22966 4.58667 13.3558 97 97 96 0.265806 2 2287 3 1625 1 4182
351 -0.37057 4.71143 13.9876 116 125 126 0.214989 2 2290 3 2064 1 2404
352 -1.21381 4.68226 13.7012 53 54 48 0.139726 2 2305 3 1870 1 2460
353 -0.512097 4.75189 13.9197 94 107 113 0.149084 2 2318 3 3525 1 2440
354 -2.07101 4.6636 13.4035 63 63 62 0.161357 2 2323 3 1681 1 2516
355 -3.15938 4.60628 12.9734 117 122 125 0.239691 2 2329 3 1476 1 4222
356 -1.48695 4.74554 13.5832 58 57 52 0.368975 2 2339 3 1838 1 2511
357 -0.394842 4.81456 13.9344 125 131 134 0.273787 2 2346 3 2098 1 4169 4 1844
358 -0.298021 4.82826 13.9558 120 124 126 0.171466 2 2349 3 2123 1 2468 4 1868
359 -2.3585 4.71534 13.2791 52 52 44 0.492498 2 2356 3 1642 1 2575
360 -0.937745 4.80658 13.7669 110 112 107 0.201269 2 2357 3 1983 1 2497
361 -2.68515 4.69937 13.1523 95 99 102 0.12808 2 2361 3 1583 1 2602
362 -2.12295 4.74923 13.3468 57 61 60 0.385857 2 2372 3 1712 1 2576 4 1431
363 -1.1755 4.81125 13.6777 60 58 48 0.0587746 2 2373 3 1929 1 2517
364 2.03573 5.57168 17.6317 161 160 155 0.439739 2 2384 3 2569 1 2422 4 2564
365 -2.25707 4.77908 13.2877 57 58 50 0.0245719 2 2392 3 1692 1 2606
366 -1.07112 4.87042 13.6967 65 64 59 0.1107 2 2402 3 1982 1 2545
367 -1.42135 4.85305 13.574 66 63 58 0.224282 2 2409 3 1898 1 2567
368 -1.91404 4.83893 13.388 59 59 55 0.254641 2 2420 3 1786 1 2612
369 -1.91447 4.84048 13.3892 59 59 55 0.219084 2 2421 3 1785
370 -0.281527 4.98142 13.8939 121 127 135 0.121247 2 2448 3 2173 1 2542 4 1906
371 -1.80991 4.90431 13.4115 64 57 49 0.315979 2 2454 3 1837 1 2641
372 -0.111362 5.01554 13.9265 109 117 120 0.253814 2 2456 3 2226 1 2546
373 1.82224 5.7889 17.4739 163 165 159 0.401082 2 2484 3 3702 1 2527 4 3944
374 -0.41245 5.08333 13.8041 119 124 129 0.240856 2 2498 3 2191 1 2621
375 -1.54589 5.02867 13.463 100 97 89 0.114312 2 2507 3 1941 1 2696
