# timestamp
1602074877423449344

# fx, fy, cx, cy, width, height, npoints
501.475800,501.475800,421.795532,167.657913,800,400,567

# camToWorld: translation vector, rotation quaternion
0.177939,-0.149848,-0.001368,0.000867,-0.730723,0.682635,-0.007333

# Exposure time (ms)
0.245718

# Point Cloud Data : 
# u,v,idepth_scaled,idepth_hessian,maxRelBaseline,numGoodRes,status 
# color information 
55.000000,298.000000,0.142309,1857784.750000,0.282350,0,1
39,46,43,39,32,26,26,25,
52.000000,122.000000,0.051202,4659900.000000,0.091844,0,1
18,15,24,15,18,30,16,19,
50.000000,151.000000,0.031484,3857222.500000,0.055473,0,1
20,20,21,23,26,26,32,43,
228.000000,152.000000,0.010408,1834061.750000,0.015781,0,1
24,26,45,23,36,38,22,18,
49.000000,265.000000,0.112724,741031.125000,0.313955,0,1
26,26,27,31,31,32,37,36,
57.000000,22.000000,0.056072,5235228.500000,0.170016,0,1
29,30,35,19,26,33,19,20,
46.000000,34.000000,0.064404,3071520.250000,0.200234,0,1
10,12,12,18,16,18,20,20,
60.000000,58.000000,0.053287,1963031.250000,0.156097,0,1
27,23,27,17,21,25,15,19,
50.000000,70.000000,0.045217,4888247.000000,0.134294,0,1
11,13,11,20,17,12,23,18,
111.000000,165.000000,0.047378,56582116.000000,0.100616,0,1
13,29,10,35,39,8,68,101,
49.000000,170.000000,0.029049,38130448.000000,0.084182,0,1
17,16,30,28,33,49,42,52,
44.000000,171.000000,0.031190,173302208.000000,0.091764,0,1
38,56,51,95,66,33,70,49,
50.000000,176.000000,0.032454,21399376.000000,0.094154,0,1
45,28,32,16,21,26,13,15,
61.000000,202.000000,0.051250,2019390.250000,0.147627,0,1
36,35,37,34,40,44,43,42,
51.000000,207.000000,0.052645,2793783.750000,0.156273,0,1
45,48,44,44,42,38,37,38,
768.000000,245.000000,0.125137,4765354.000000,0.341336,0,1
66,68,66,58,59,59,50,56,
765.000000,248.000000,0.126844,6386840.500000,0.344931,0,1
46,49,52,63,62,62,66,68,
768.000000,248.000000,0.126853,7033553.000000,0.347428,0,1
52,54,57,62,63,63,67,69,
750.000000,267.000000,0.146609,3965536.000000,0.396004,0,1
71,70,70,66,64,65,61,59,
63.000000,279.000000,0.123256,1223905.375000,0.393423,0,1
27,27,28,28,31,31,38,37,
105.000000,292.000000,0.135251,10496666.000000,0.396791,0,1
58,54,51,43,42,46,37,46,
63.000000,294.000000,0.135651,8407127.000000,0.443479,0,1
44,50,49,51,39,36,33,36,
89.000000,295.000000,0.135039,20872978.000000,0.414199,0,1
53,47,54,37,49,56,46,56,
622.000000,296.000000,0.170077,5115219.000000,0.293238,0,1
56,56,62,68,66,69,68,71,
97.000000,298.000000,0.140822,10360187.000000,0.426664,0,1
39,44,43,50,49,48,57,60,
636.000000,298.000000,0.171789,7575955.500000,0.310971,0,1
63,60,55,64,57,56,68,65,
61.000000,24.000000,0.062875,1743458.125000,0.189421,0,1
34,31,34,23,28,31,22,20,
742.000000,16.000000,0.069468,7298896.000000,0.460729,0,1
41,42,35,39,37,28,31,27,
757.000000,18.000000,0.069735,138532480.000000,0.479750,0,1
29,40,32,48,37,27,36,27,
105.000000,20.000000,0.040447,15618572.000000,0.330477,0,1
23,24,25,28,28,31,34,31,
751.000000,20.000000,0.069262,45119060.000000,0.467810,0,1
44,40,46,39,35,40,27,27,
190.000000,26.000000,0.045326,21750938.000000,0.284367,0,1
29,28,26,25,28,20,22,21,
738.000000,27.000000,0.070005,44215708.000000,0.454108,0,1
43,45,39,49,41,34,42,37,
591.000000,28.000000,0.052694,10872208.000000,0.201860,0,1
17,19,23,25,27,28,31,35,
656.000000,29.000000,0.025982,29449084.000000,0.048032,0,1
39,49,30,32,41,25,24,19,
237.000000,30.000000,0.042445,32958568.000000,0.220748,0,1
14,11,16,9,17,24,14,20,
539.000000,30.000000,0.058409,10490106.000000,0.181735,0,1
35,41,35,47,40,31,40,29,
619.000000,31.000000,0.059752,9106818.000000,0.256793,0,1
40,36,35,34,30,23,30,21,
727.000000,31.000000,0.063079,10719818.000000,0.389372,0,1
18,21,18,26,25,32,30,35,
231.000000,32.000000,0.029030,10858503.000000,0.149666,0,1
9,14,8,17,14,8,20,20,
74.000000,34.000000,0.053251,10943734.000000,0.307133,0,1
22,19,25,19,19,28,21,23,
757.000000,34.000000,0.069841,50686836.000000,0.472840,0,1
34,28,30,26,29,22,22,13,
329.000000,36.000000,0.022677,5453186.500000,0.073881,0,1
17,22,20,25,33,24,28,29,
608.000000,36.000000,0.057630,17708882.000000,0.233052,0,1
31,23,32,19,27,39,25,35,
617.000000,36.000000,0.058791,4073306.750000,0.247011,0,1
30,30,25,28,23,15,21,16,
683.000000,36.000000,0.057838,34736440.000000,0.307117,0,1
32,30,32,26,23,30,17,19,
326.000000,37.000000,0.042323,15776885.000000,0.145148,0,1
19,18,25,22,24,28,27,32,
742.000000,38.000000,0.066377,47931648.000000,0.426860,0,1
27,30,24,32,25,17,27,21,
448.000000,40.000000,0.051077,11370484.000000,0.112571,0,1
33,34,23,35,21,18,26,21,
687.000000,40.000000,0.063471,11040515.000000,0.343447,0,1
39,35,37,30,27,23,21,16,
710.000000,40.000000,0.062713,37449984.000000,0.364121,0,1
17,12,20,10,18,26,19,27,
390.000000,41.000000,0.045720,6661095.500000,0.113377,0,1
24,23,22,16,18,16,14,11,
204.000000,42.000000,0.043037,1547386.875000,0.249437,0,1
22,22,23,17,19,21,16,14,
270.000000,42.000000,0.039723,4641206.500000,0.173970,0,1
15,18,13,27,18,14,28,26,
444.000000,43.000000,0.052309,10614928.000000,0.112325,0,1
41,43,34,38,33,30,32,27,
609.000000,43.000000,0.057193,7619548.000000,0.227637,0,1
29,28,19,30,22,17,25,15,
747.000000,43.000000,0.069909,39900304.000000,0.456947,0,1
16,15,25,22,27,34,29,24,
290.000000,44.000000,0.042701,7379228.000000,0.170518,0,1
11,18,11,24,19,15,31,33,
566.000000,44.000000,0.031151,18888162.000000,0.039315,0,1
24,19,41,20,39,56,21,15,
520.000000,45.000000,0.028075,75330760.000000,0.069309,0,1
22,19,25,28,40,46,45,86,
606.000000,45.000000,0.059986,2718946.500000,0.235877,0,1
30,26,25,24,21,17,16,11,
726.000000,46.000000,0.062205,16358539.000000,0.375795,0,1
34,38,35,37,34,27,32,32,
739.000000,46.000000,0.068767,67003372.000000,0.437282,0,1
34,30,34,22,28,36,18,19,
586.000000,47.000000,0.055114,19587790.000000,0.195192,0,1
25,21,24,10,18,21,9,8,
172.000000,48.000000,0.042520,8418471.000000,0.274507,0,1
21,25,19,27,23,19,27,28,
433.000000,48.000000,0.049394,14110490.000000,0.101226,0,1
19,23,27,28,32,38,36,39,
766.000000,48.000000,0.071226,27452950.000000,0.489039,0,1
27,27,30,21,26,27,19,16,
470.000000,52.000000,0.050348,5869909.000000,0.101053,0,1
26,26,22,27,18,13,18,11,
615.000000,52.000000,0.057031,20386328.000000,0.227505,0,1
22,20,23,14,17,12,11,10,
451.000000,53.000000,0.050400,7010107.500000,0.097180,0,1
17,17,23,18,21,27,26,35,
271.000000,54.000000,0.041884,12399926.000000,0.178222,0,1
15,16,15,20,23,23,30,33,
282.000000,54.000000,0.042956,29641582.000000,0.173638,0,1
20,21,26,29,31,34,34,38,
682.000000,54.000000,0.061962,53202520.000000,0.322274,0,1
24,30,24,35,33,26,42,34,
725.000000,54.000000,0.063486,21697460.000000,0.380297,0,1
30,31,22,27,23,14,15,12,
295.000000,55.000000,0.044725,60540956.000000,0.169424,0,1
42,35,29,37,22,18,25,21,
333.000000,55.000000,0.043184,23431004.000000,0.132422,0,1
14,16,18,21,24,28,28,35,
638.000000,55.000000,0.036435,2385015.000000,0.059556,0,1
12,12,14,11,23,16,22,25,
688.000000,55.000000,0.064578,53702772.000000,0.344288,0,1
20,25,25,28,32,31,39,38,
113.000000,57.000000,0.046597,20801050.000000,0.365604,0,1
14,15,15,20,20,21,25,27,
713.000000,58.000000,0.061401,25019270.000000,0.351534,0,1
32,38,25,31,20,13,22,23,
271.000000,59.000000,0.042788,18654210.000000,0.180350,0,1
34,34,30,32,28,23,28,25,
540.000000,59.000000,0.054940,9456834.000000,0.146594,0,1
22,29,21,31,26,18,27,21,
599.000000,59.000000,0.057395,10251127.000000,0.209406,0,1
23,22,24,16,18,17,11,11,
724.000000,59.000000,0.063978,13746285.000000,0.380627,0,1
12,13,17,16,21,26,26,33,
210.000000,60.000000,0.041944,8424331.000000,0.231030,0,1
24,25,23,24,22,20,21,17,
324.000000,60.000000,0.043656,24735318.000000,0.138309,0,1
18,19,23,21,29,31,31,40,
525.000000,60.000000,0.053139,12689847.000000,0.128996,0,1
26,30,19,37,28,22,32,28,
126.000000,61.000000,0.042956,8593469.000000,0.320069,0,1
18,15,12,24,18,11,21,23,
370.000000,61.000000,0.041648,9100691.000000,0.098592,0,1
12,16,16,23,20,22,25,29,
496.000000,61.000000,0.049823,2092927.500000,0.101533,0,1
15,15,23,13,17,14,11,10,
279.000000,62.000000,0.042638,6497733.500000,0.171423,0,1
20,26,19,29,31,21,33,39,
705.000000,62.000000,0.054640,12914183.000000,0.299391,0,1
33,32,29,38,28,19,25,19,
442.000000,63.000000,0.050604,8181417.000000,0.086937,0,1
34,46,32,47,30,25,33,25,
583.000000,63.000000,0.036982,1624652.000000,0.065832,0,1
30,17,26,17,24,15,19,17,
239.000000,64.000000,0.042116,4543758.000000,0.203985,0,1
22,17,23,13,17,20,13,13,
304.000000,65.000000,0.043923,11342925.000000,0.153586,0,1
28,26,23,23,20,18,20,14,
379.000000,65.000000,0.042943,5991350.500000,0.093583,0,1
24,22,20,16,17,15,13,10,
671.000000,65.000000,0.065309,42781396.000000,0.324127,0,1
32,28,33,21,26,25,20,17,
756.000000,67.000000,0.070159,6922489.000000,0.461118,0,1
15,16,16,21,21,23,27,25,
138.000000,68.000000,0.034046,7081194.500000,0.238067,0,1
16,20,12,21,14,10,16,13,
250.000000,68.000000,0.041849,15630577.000000,0.191323,0,1
23,25,21,19,20,14,14,9,
287.000000,68.000000,0.044113,29969528.000000,0.168147,0,1
33,30,43,25,37,44,31,31,
297.000000,68.000000,0.044292,29507036.000000,0.159853,0,1
36,37,30,34,29,19,29,22,
439.000000,68.000000,0.049604,6468786.000000,0.080031,0,1
33,24,32,19,22,24,16,20,
692.000000,68.000000,0.065196,51480548.000000,0.243297,0,1
19,31,25,41,38,24,44,33,
219.000000,69.000000,0.041771,4267371.000000,0.218988,0,1
15,17,13,20,16,11,21,22,
527.000000,69.000000,0.054335,9786125.000000,0.126698,0,1
36,32,34,20,23,19,18,17,
116.000000,70.000000,0.049758,3357038.500000,0.386123,0,1
17,16,17,18,19,21,23,26,
148.000000,70.000000,0.037873,14242983.000000,0.257762,0,1
12,14,16,15,16,20,19,21,
703.000000,70.000000,0.035009,15524830.000000,0.128492,0,1
41,40,35,38,35,23,33,20,
334.000000,71.000000,0.044912,10045892.000000,0.128355,0,1
37,43,40,43,39,35,34,28,
190.000000,72.000000,0.042315,3957230.750000,0.249020,0,1
21,19,22,19,18,19,16,13,
248.000000,75.000000,0.043810,12286965.000000,0.200737,0,1
19,26,20,35,25,15,33,31,
268.000000,75.000000,0.042625,8816601.000000,0.176383,0,1
14,18,19,25,24,25,30,36,
342.000000,75.000000,0.042765,6022631.500000,0.113294,0,1
31,27,27,20,19,16,16,15,
447.000000,76.000000,0.047992,1940067.250000,0.072324,0,1
14,18,13,25,17,12,26,23,
557.000000,76.000000,0.037231,950390.062500,0.098125,0,1
12,15,11,13,14,7,12,11,
758.000000,77.000000,0.065873,16839312.000000,0.428605,0,1
23,30,21,32,25,16,19,14,
275.000000,79.000000,0.042642,31605842.000000,0.168758,0,1
16,25,13,28,20,11,25,17,
296.000000,80.000000,0.044771,12624748.000000,0.157724,0,1
28,25,23,22,18,14,15,10,
225.000000,82.000000,0.040461,5131975.000000,0.202787,0,1
14,15,12,20,17,11,24,22,
274.000000,83.000000,0.043089,23901208.000000,0.170330,0,1
22,25,15,19,18,10,16,12,
425.000000,83.000000,0.049165,3974713.000000,0.074093,0,1
36,36,29,37,34,21,35,28,
437.000000,84.000000,0.048306,2319675.500000,0.072798,0,1
18,23,16,31,20,15,26,21,
82.000000,86.000000,0.050523,9380442.000000,0.275309,0,1
15,21,15,24,18,15,23,20,
263.000000,86.000000,0.044068,23313730.000000,0.184208,0,1
29,30,22,26,21,16,21,15,
239.000000,89.000000,0.042311,30554260.000000,0.197915,0,1
19,17,24,14,23,27,20,25,
269.000000,90.000000,0.043400,6377018.500000,0.174330,0,1
24,22,26,16,21,26,15,20,
410.000000,90.000000,0.047039,3396409.500000,0.071590,0,1
32,32,39,26,32,38,28,32,
490.000000,90.000000,0.042996,2366808.250000,0.066750,0,1
11,8,16,6,16,16,8,9,
518.000000,91.000000,0.030489,3525853.750000,0.055145,0,1
16,16,31,16,26,29,17,13,
734.000000,91.000000,0.058651,31454368.000000,0.347276,0,1
6,5,17,5,9,21,7,14,
252.000000,92.000000,0.042994,8083146.000000,0.188185,0,1
30,24,32,15,23,30,13,12,
496.000000,92.000000,0.049154,7935714.500000,0.075639,0,1
19,10,22,10,16,22,13,15,
429.000000,93.000000,0.048918,2705657.000000,0.073721,0,1
29,25,30,21,27,18,18,19,
240.000000,95.000000,0.041318,7493125.500000,0.190627,0,1
21,15,21,8,16,21,11,13,
582.000000,95.000000,0.053469,2489188.250000,0.161066,0,1
20,19,20,18,20,26,22,29,
156.000000,96.000000,0.032853,5877359.000000,0.211442,0,1
11,8,13,5,11,15,7,10,
411.000000,96.000000,0.047863,6337034.500000,0.072579,0,1
30,37,28,33,27,19,32,24,
427.000000,98.000000,0.047577,5292432.000000,0.072036,0,1
25,33,19,31,20,14,22,12,
584.000000,98.000000,0.050831,1538141.000000,0.153183,0,1
27,26,21,24,19,16,19,11,
687.000000,98.000000,0.035880,1313836.500000,0.069502,0,1
11,14,14,22,22,17,30,31,
698.000000,98.000000,0.045931,23275868.000000,0.233964,0,1
16,16,20,18,25,29,25,26,
198.000000,100.000000,0.024802,7371012.000000,0.132979,0,1
21,20,16,19,16,13,14,11,
559.000000,101.000000,0.049470,4155164.000000,0.124518,0,1
10,12,17,15,21,27,23,21,
608.000000,101.000000,0.053788,4448822.000000,0.186700,0,1
21,22,22,13,13,18,9,14,
220.000000,102.000000,0.039531,2623037.250000,0.198362,0,1
18,16,14,12,12,8,11,8,
77.000000,103.000000,0.052263,66593364.000000,0.287947,0,1
25,17,30,16,23,30,16,22,
190.000000,104.000000,0.026396,12789792.000000,0.146403,0,1
16,14,19,9,12,18,8,7,
261.000000,105.000000,0.043737,4191225.750000,0.180058,0,1
14,15,13,19,16,11,21,21,
565.000000,106.000000,0.047966,1921645.500000,0.124195,0,1
26,24,20,22,18,15,18,12,
168.000000,108.000000,0.025767,9282827.000000,0.155341,0,1
9,8,11,12,9,15,13,16,
410.000000,109.000000,0.045811,3132322.250000,0.069037,0,1
32,29,24,27,25,17,25,24,
423.000000,111.000000,0.045702,1342287.500000,0.068874,0,1
17,23,14,21,19,12,21,13,
594.000000,115.000000,0.053694,13784548.000000,0.168533,0,1
23,24,18,23,17,12,14,10,
647.000000,115.000000,0.050855,6947772.000000,0.210482,0,1
11,14,12,20,18,14,26,23,
639.000000,116.000000,0.052901,3635492.000000,0.211635,0,1
11,10,10,12,13,21,17,17,
695.000000,116.000000,0.051921,11128682.000000,0.262364,0,1
16,16,13,22,19,21,24,25,
504.000000,119.000000,0.043565,1979925.875000,0.065978,0,1
12,9,16,12,14,22,9,12,
578.000000,120.000000,0.049562,2327812.250000,0.137925,0,1
23,25,21,21,20,18,16,18,
550.000000,121.000000,0.048410,3754741.000000,0.107691,0,1
23,24,24,18,19,20,14,16,
519.000000,122.000000,0.042556,1841493.750000,0.067751,0,1
4,5,10,10,10,14,10,14,
539.000000,122.000000,0.047111,6400101.000000,0.094159,0,1
21,16,23,13,20,25,15,18,
532.000000,126.000000,0.037451,1097722.500000,0.070684,0,1
12,12,14,13,17,20,15,21,
156.000000,128.000000,0.024161,8881828.000000,0.150969,0,1
7,7,10,11,13,14,15,12,
433.000000,128.000000,0.041659,925068.000000,0.062781,0,1
23,17,24,13,16,17,11,11,
670.000000,128.000000,0.054076,12376311.000000,0.247799,0,1
17,14,17,13,17,23,16,20,
685.000000,130.000000,0.055172,6345339.500000,0.269089,0,1
24,26,24,17,18,17,18,18,
576.000000,131.000000,0.048162,8994809.000000,0.130341,0,1
24,30,20,30,24,16,24,16,
597.000000,131.000000,0.050077,8773328.000000,0.156813,0,1
27,27,26,26,23,18,23,17,
81.000000,132.000000,0.051320,48994908.000000,0.277618,0,1
29,36,25,38,30,20,36,30,
385.000000,132.000000,0.036682,1660675.500000,0.056072,0,1
18,20,12,21,16,10,16,10,
610.000000,132.000000,0.050347,6446906.500000,0.170505,0,1
15,14,16,15,19,24,22,24,
179.000000,135.000000,0.007450,42870868.000000,0.041130,0,1
11,12,10,17,17,11,25,17,
694.000000,135.000000,0.055475,4291163.000000,0.280036,0,1
17,19,19,20,22,25,28,26,
591.000000,137.000000,0.050454,17753426.000000,0.151795,0,1
14,12,20,13,19,30,18,23,
537.000000,138.000000,0.046808,5262263.500000,0.089478,0,1
15,12,22,12,20,27,19,25,
564.000000,138.000000,0.047503,10925613.000000,0.116633,0,1
30,29,25,28,23,16,23,17,
714.000000,139.000000,0.057170,6715593.000000,0.311237,0,1
23,24,24,19,21,19,16,13,
422.000000,141.000000,0.037632,1132474.000000,0.056712,0,1
10,15,9,21,15,10,21,19,
696.000000,141.000000,0.056166,7339965.000000,0.285991,0,1
21,27,26,21,22,18,15,15,
501.000000,142.000000,0.045146,1729090.000000,0.068036,0,1
8,7,15,10,15,21,17,19,
509.000000,142.000000,0.043869,2344952.500000,0.066111,0,1
12,16,9,18,15,7,20,15,
414.000000,143.000000,0.037270,732679.500000,0.056166,0,1
13,17,10,21,14,12,20,20,
343.000000,147.000000,0.014325,12478336.000000,0.026818,0,1
16,17,16,18,27,17,35,22,
530.000000,148.000000,0.046878,2299085.000000,0.082972,0,1
24,24,22,20,22,17,15,11,
464.000000,150.000000,0.043827,7124652.000000,0.066048,0,1
13,27,10,27,14,14,28,19,
607.000000,150.000000,0.051235,5631744.500000,0.170654,0,1
29,23,24,19,17,19,13,11,
648.000000,150.000000,0.053460,18883054.000000,0.221759,0,1
16,18,19,12,18,14,12,12,
706.000000,150.000000,0.056796,13687046.000000,0.300557,0,1
23,20,21,16,15,12,11,9,
327.000000,153.000000,0.021048,8072769.500000,0.051137,0,1
15,20,20,10,13,13,13,14,
505.000000,153.000000,0.044513,2109434.250000,0.067082,0,1
23,16,22,14,19,21,14,12,
459.000000,154.000000,0.043054,1797419.750000,0.064883,0,1
13,14,21,16,20,24,15,17,
766.000000,154.000000,0.058922,13181456.000000,0.379669,0,1
15,19,17,20,17,12,16,11,
583.000000,155.000000,0.050151,9944325.000000,0.143284,0,1
25,27,22,24,23,13,18,11,
464.000000,157.000000,0.044055,4262122.000000,0.066392,0,1
21,30,14,25,20,21,31,24,
543.000000,157.000000,0.044498,5126839.500000,0.090752,0,1
10,13,14,16,17,22,19,28,
399.000000,158.000000,0.037606,1727715.250000,0.056672,0,1
20,24,15,26,17,16,21,15,
529.000000,158.000000,0.047056,3760543.250000,0.083478,0,1
26,26,23,25,20,17,18,15,
496.000000,160.000000,0.036173,2542475.000000,0.055699,0,1
18,16,19,8,18,20,12,14,
548.000000,162.000000,0.047902,7759957.000000,0.103947,0,1
27,28,23,23,20,11,14,9,
100.000000,163.000000,0.043129,19227800.000000,0.340301,0,1
13,21,29,31,37,51,26,24,
586.000000,163.000000,0.050752,11605157.000000,0.149158,0,1
9,10,10,10,19,12,21,18,
462.000000,164.000000,0.044610,4636044.000000,0.067228,0,1
25,20,30,14,19,24,12,20,
488.000000,164.000000,0.044497,2123102.250000,0.067057,0,1
22,21,18,20,21,11,19,15,
616.000000,172.000000,0.051467,11044618.000000,0.183115,0,1
13,12,15,12,17,18,15,24,
682.000000,174.000000,0.056161,3585428.750000,0.273541,0,1
17,18,18,18,18,16,20,23,
106.000000,177.000000,0.049699,83901056.000000,0.391778,0,1
8,10,23,12,25,38,25,36,
398.000000,178.000000,0.038292,605219.125000,0.060392,0,1
12,12,11,17,15,16,19,21,
501.000000,179.000000,0.045410,7186448.000000,0.068433,0,1
9,11,16,16,21,26,25,29,
419.000000,180.000000,0.041639,1294389.250000,0.063148,0,1
15,18,18,18,23,24,28,25,
530.000000,180.000000,0.046798,6969404.000000,0.090019,0,1
13,18,17,18,23,24,26,34,
480.000000,181.000000,0.045232,2605081.000000,0.068570,0,1
13,15,18,21,23,24,27,33,
506.000000,181.000000,0.046151,3464635.000000,0.069932,0,1
17,17,20,22,26,27,27,28,
519.000000,181.000000,0.047713,4432403.500000,0.082706,0,1
19,20,19,26,29,33,29,30,
575.000000,181.000000,0.050041,5083761.500000,0.140066,0,1
15,18,17,23,24,28,30,34,
582.000000,181.000000,0.050210,8163019.000000,0.147323,0,1
17,21,22,26,31,32,32,35,
619.000000,181.000000,0.052336,17177420.000000,0.191448,0,1
24,28,25,35,34,27,39,41,
720.000000,181.000000,0.058639,40239900.000000,0.330410,0,1
32,29,31,28,44,48,31,32,
455.000000,182.000000,0.043136,2044417.625000,0.067261,0,1
15,19,19,22,24,27,32,35,
488.000000,182.000000,0.046108,3220964.750000,0.070204,0,1
23,22,22,30,27,30,34,36,
536.000000,182.000000,0.046535,1750622.750000,0.095409,0,1
18,29,19,30,29,27,37,36,
607.000000,182.000000,0.052280,6396748.500000,0.179444,0,1
20,24,21,32,34,32,42,48,
763.000000,183.000000,0.060417,16156073.000000,0.390365,0,1
22,26,28,31,32,32,39,46,
687.000000,185.000000,0.058151,42464184.000000,0.292008,0,1
36,40,43,41,49,50,44,37,
525.000000,186.000000,0.048987,7177846.000000,0.092821,0,1
38,42,37,45,43,32,33,32,
545.000000,186.000000,0.049930,6037306.000000,0.113110,0,1
34,43,37,42,40,33,29,29,
558.000000,186.000000,0.050302,2442649.250000,0.126278,0,1
32,39,36,31,35,34,24,24,
568.000000,187.000000,0.052015,8822362.000000,0.141255,0,1
43,46,38,33,28,27,26,29,
593.000000,187.000000,0.052605,7531882.000000,0.168024,0,1
38,42,38,32,32,28,25,27,
608.000000,187.000000,0.053630,13214078.000000,0.187016,0,1
47,43,40,35,34,32,22,23,
627.000000,187.000000,0.055017,8704635.000000,0.212385,0,1
40,47,46,36,37,36,23,23,
634.000000,187.000000,0.055114,16478882.000000,0.220159,0,1
38,35,45,39,35,40,23,24,
645.000000,187.000000,0.056085,10545920.000000,0.236263,0,1
42,47,41,35,37,31,20,19,
655.000000,187.000000,0.056578,28841896.000000,0.249356,0,1
44,43,48,37,46,40,26,21,
701.000000,187.000000,0.059841,9495667.000000,0.317839,0,1
47,44,45,43,38,39,31,28,
723.000000,187.000000,0.060110,22006786.000000,0.344266,0,1
43,45,48,38,43,40,32,30,
264.000000,189.000000,0.037777,1183586.375000,0.152507,0,1
10,11,11,14,15,15,19,19,
278.000000,189.000000,0.039575,1348143.750000,0.148175,0,1
11,12,12,15,15,15,19,21,
283.000000,189.000000,0.039420,1198940.375000,0.143244,0,1
11,12,11,15,15,14,21,20,
298.000000,189.000000,0.039735,858999.875000,0.131588,0,1
11,12,13,13,14,13,22,23,
524.000000,192.000000,0.051632,1379867.750000,0.100691,0,1
36,39,39,35,36,36,28,28,
431.000000,194.000000,0.051059,3342771.250000,0.077567,0,1
34,35,36,35,29,27,24,24,
442.000000,194.000000,0.051472,3500003.250000,0.078481,0,1
39,38,40,29,26,29,22,23,
360.000000,195.000000,0.048081,3190050.000000,0.102850,0,1
17,17,17,26,27,26,31,31,
379.000000,195.000000,0.049761,2889065.500000,0.089464,0,1
17,20,19,25,24,25,32,34,
460.000000,195.000000,0.052123,3656058.500000,0.078550,0,1
38,33,32,26,36,25,25,29,
639.000000,195.000000,0.063859,4698249.500000,0.268689,0,1
28,26,25,26,26,25,40,35,
655.000000,195.000000,0.064725,8633557.000000,0.292713,0,1
26,28,26,32,36,37,45,36,
74.000000,196.000000,0.049277,8596680.000000,0.274274,0,1
14,18,15,25,22,18,26,29,
501.000000,196.000000,0.055547,4610766.500000,0.090932,0,1
36,41,32,34,31,29,28,33,
451.000000,197.000000,0.054658,2891018.000000,0.082370,0,1
24,23,23,30,29,30,37,38,
599.000000,197.000000,0.061975,6554919.500000,0.213142,0,1
33,43,42,34,35,33,29,29,
610.000000,197.000000,0.062385,4370727.500000,0.227827,0,1
32,42,41,34,34,35,31,28,
471.000000,198.000000,0.056717,3696336.000000,0.085824,0,1
25,29,27,38,38,37,41,42,
508.000000,198.000000,0.058398,4745274.000000,0.104216,0,1
33,28,26,32,30,31,40,42,
709.000000,198.000000,0.068455,13453472.000000,0.383816,0,1
40,45,45,38,36,39,32,32,
754.000000,198.000000,0.071552,28218340.000000,0.464797,0,1
38,44,46,41,33,37,26,24,
388.000000,199.000000,0.056941,3903475.500000,0.098582,0,1
35,34,33,38,37,37,46,54,
549.000000,199.000000,0.059689,8879125.000000,0.149639,0,1
23,24,23,31,27,31,39,43,
738.000000,199.000000,0.070578,29940396.000000,0.436586,0,1
48,40,37,33,27,23,30,33,
651.000000,200.000000,0.066686,6832406.500000,0.299552,0,1
36,27,32,33,32,34,44,47,
407.000000,201.000000,0.059479,8933150.000000,0.091031,0,1
39,43,43,56,53,54,62,60,
437.000000,201.000000,0.061389,5546545.000000,0.093206,0,1
37,39,40,46,46,46,54,57,
446.000000,201.000000,0.061143,5283801.500000,0.092142,0,1
37,39,38,45,46,45,51,57,
639.000000,201.000000,0.068894,8055293.000000,0.295467,0,1
30,33,33,43,44,45,50,48,
746.000000,201.000000,0.072858,12380451.000000,0.464515,0,1
23,23,25,31,31,32,40,45,
423.000000,202.000000,0.061929,4932628.500000,0.094040,0,1
43,48,47,54,51,53,58,60,
461.000000,202.000000,0.062605,9954789.000000,0.096604,0,1
39,44,46,51,54,54,62,65,
478.000000,202.000000,0.064025,8517706.000000,0.096487,0,1
40,42,43,51,50,50,59,62,
764.000000,202.000000,0.073902,13656151.000000,0.497545,0,1
26,30,31,40,39,39,48,48,
203.000000,203.000000,0.051022,13871502.000000,0.287811,0,1
24,28,26,31,34,25,38,28,
510.000000,203.000000,0.066613,7688900.000000,0.127945,0,1
39,44,43,53,51,50,60,62,
527.000000,203.000000,0.066931,12051487.000000,0.147310,0,1
40,43,41,51,50,51,61,63,
532.000000,203.000000,0.066984,13660117.000000,0.153204,0,1
41,42,44,52,53,52,63,66,
310.000000,204.000000,0.060888,870038.750000,0.202382,0,1
33,31,33,32,36,41,39,34,
543.000000,204.000000,0.069233,7271418.500000,0.173398,0,1
43,47,46,60,57,54,64,67,
103.000000,205.000000,0.048205,19539512.000000,0.386960,0,1
13,23,21,28,28,30,32,35,
228.000000,205.000000,0.055374,7610970.000000,0.283544,0,1
27,28,30,30,33,33,39,38,
320.000000,205.000000,0.058239,4772616.000000,0.180714,0,1
27,28,24,27,28,32,35,39,
334.000000,205.000000,0.060938,2520840.000000,0.172578,0,1
34,36,37,40,41,41,46,47,
573.000000,205.000000,0.070474,11932682.000000,0.216550,0,1
44,50,49,61,59,59,68,68,
599.000000,205.000000,0.072415,11170746.000000,0.259183,0,1
44,47,47,53,54,54,61,65,
623.000000,205.000000,0.073503,13377166.000000,0.297622,0,1
45,46,47,54,56,56,64,64,
658.000000,206.000000,0.077115,12971659.000000,0.367655,0,1
45,48,47,55,55,56,64,70,
665.000000,206.000000,0.077941,8788897.000000,0.382857,0,1
45,46,45,54,53,52,63,69,
672.000000,206.000000,0.077795,11045391.000000,0.392568,0,1
45,46,46,53,54,53,63,69,
697.000000,206.000000,0.079528,11295475.000000,0.441399,0,1
49,48,48,54,55,56,63,65,
706.000000,206.000000,0.079535,18131412.000000,0.455260,0,1
48,46,46,54,55,55,66,70,
84.000000,207.000000,0.052208,14967260.000000,0.285005,0,1
20,23,19,33,25,26,32,32,
140.000000,207.000000,0.052066,18513036.000000,0.374283,0,1
3,6,7,21,23,16,25,26,
496.000000,207.000000,0.070301,12173938.000000,0.126180,0,1
61,65,65,55,57,56,47,56,
519.000000,207.000000,0.071686,7155454.500000,0.153745,0,1
61,63,62,56,57,57,49,55,
693.000000,207.000000,0.078389,9798221.000000,0.428364,0,1
48,54,55,66,67,64,67,68,
130.000000,208.000000,0.051680,83541800.000000,0.384132,0,1
4,16,12,34,29,23,41,39,
539.000000,208.000000,0.074007,9441781.000000,0.185608,0,1
67,70,70,53,57,59,53,48,
551.000000,208.000000,0.073871,8006665.500000,0.200975,0,1
70,71,69,67,66,67,56,52,
404.000000,210.000000,0.066367,5158866.500000,0.114861,0,1
53,55,52,62,63,64,63,59,
428.000000,210.000000,0.071622,10346163.000000,0.109649,0,1
64,65,65,61,61,66,47,55,
586.000000,210.000000,0.077362,11148071.000000,0.264097,0,1
64,58,62,48,51,52,39,39,
68.000000,211.000000,0.055036,18272704.000000,0.316343,0,1
38,36,39,29,35,40,28,28,
72.000000,211.000000,0.055435,10334833.000000,0.315286,0,1
40,45,43,40,40,35,31,29,
107.000000,211.000000,0.054926,14197676.000000,0.443586,0,1
40,38,39,34,34,36,27,25,
343.000000,211.000000,0.066060,14018536.000000,0.181972,0,1
44,50,43,56,55,51,62,60,
372.000000,211.000000,0.068182,10610386.000000,0.152120,0,1
46,44,42,53,57,56,65,65,
498.000000,211.000000,0.075740,9700717.000000,0.144923,0,1
59,56,60,51,58,64,65,62,
526.000000,211.000000,0.075324,6995839.000000,0.175800,0,1
59,59,60,53,54,52,49,53,
531.000000,211.000000,0.075612,10445166.000000,0.182875,0,1
53,56,55,53,52,49,42,47,
598.000000,211.000000,0.079108,9802255.000000,0.289914,0,1
66,59,62,48,50,53,40,41,
602.000000,211.000000,0.079131,21150274.000000,0.296066,0,1
66,64,64,53,54,51,41,43,
170.000000,212.000000,0.056385,19429086.000000,0.369392,0,1
30,30,30,36,37,34,43,36,
356.000000,212.000000,0.068527,8434469.000000,0.173648,0,1
44,48,49,57,56,57,64,50,
448.000000,212.000000,0.074839,9334050.000000,0.115007,0,1
49,57,60,54,57,65,52,71,
554.000000,212.000000,0.079646,14158846.000000,0.227567,0,1
49,54,52,42,43,46,38,55,
309.000000,213.000000,0.067312,5874533.500000,0.234478,0,1
40,37,40,41,44,44,49,44,
442.000000,213.000000,0.073140,8547036.000000,0.113692,0,1
59,57,51,67,56,54,71,74,
377.000000,214.000000,0.071986,2532194.250000,0.159400,0,1
62,62,59,52,56,65,65,58,
505.000000,214.000000,0.077412,6364784.000000,0.160141,0,1
64,64,66,54,56,58,53,59,
561.000000,214.000000,0.082250,25330766.000000,0.248812,0,1
46,42,43,55,56,55,61,66,
633.000000,214.000000,0.083727,18097624.000000,0.368884,0,1
62,61,59,49,47,50,44,44,
648.000000,214.000000,0.085743,14786971.000000,0.404565,0,1
62,61,60,56,53,56,45,45,
333.000000,215.000000,0.070393,7824100.000000,0.213379,0,1
51,54,53,57,58,54,68,69,
362.000000,215.000000,0.071760,5282412.000000,0.178400,0,1
55,60,59,58,59,54,48,51,
386.000000,215.000000,0.071298,12158846.000000,0.148826,0,1
63,68,67,61,60,60,48,46,
395.000000,215.000000,0.071737,5473650.000000,0.140740,0,1
65,61,64,55,56,56,50,49,
477.000000,215.000000,0.077465,9162841.000000,0.136322,0,1
62,68,71,61,65,69,50,65,
673.000000,215.000000,0.089829,4504897.000000,0.472575,0,1
60,57,58,51,55,57,47,50,
473.000000,216.000000,0.077699,6082374.000000,0.135816,0,1
68,67,62,75,64,53,71,66,
525.000000,216.000000,0.079731,8450310.000000,0.192480,0,1
56,61,58,65,57,48,57,60,
702.000000,216.000000,0.089993,18029024.000000,0.525332,0,1
64,60,58,53,53,51,48,53,
711.000000,216.000000,0.089675,8994433.000000,0.538843,0,1
66,60,60,51,54,55,45,44,
544.000000,218.000000,0.085748,14019520.000000,0.239701,0,1
54,47,57,59,56,60,65,69,
762.000000,218.000000,0.096013,16287743.000000,0.682268,0,1
67,66,66,56,57,56,51,55,
768.000000,218.000000,0.095226,20048174.000000,0.686535,0,1
63,63,62,56,55,55,50,52,
483.000000,219.000000,0.081640,13266707.000000,0.156343,0,1
60,58,49,67,59,56,72,71,
512.000000,219.000000,0.084752,13168175.000000,0.194071,0,1
46,45,43,52,52,51,63,66,
645.000000,219.000000,0.091543,13059855.000000,0.435771,0,1
49,49,51,55,54,55,64,68,
356.000000,220.000000,0.076474,25325718.000000,0.206293,0,1
48,42,41,50,51,51,70,73,
365.000000,220.000000,0.077119,32277384.000000,0.196003,0,1
50,41,42,51,52,56,70,72,
422.000000,220.000000,0.081720,4697245.000000,0.149338,0,1
61,66,66,73,66,61,69,76,
615.000000,220.000000,0.089913,15290736.000000,0.374806,0,1
59,47,46,55,51,51,57,65,
214.000000,221.000000,0.068857,6653033.000000,0.394353,0,1
29,27,30,27,33,41,35,31,
288.000000,221.000000,0.072604,49889296.000000,0.295272,0,1
41,37,38,51,48,52,68,71,
351.000000,221.000000,0.077342,26237372.000000,0.217337,0,1
42,47,47,54,61,65,68,63,
399.000000,221.000000,0.080328,14606020.000000,0.165948,0,1
51,59,58,69,65,56,75,69,
596.000000,221.000000,0.091481,21805926.000000,0.350199,0,1
48,47,48,56,58,55,67,69,
629.000000,221.000000,0.093084,27523516.000000,0.417075,0,1
54,54,56,64,65,68,68,69,
206.000000,222.000000,0.069114,5258881.500000,0.409814,0,1
28,29,29,32,33,35,40,35,
276.000000,222.000000,0.073586,5741560.500000,0.320310,0,1
47,42,45,53,55,61,57,57,
303.000000,222.000000,0.075546,32637774.000000,0.285452,0,1
43,40,37,47,43,42,60,66,
308.000000,222.000000,0.075902,35285216.000000,0.278930,0,1
42,32,34,40,41,44,63,63,
313.000000,222.000000,0.076139,20151784.000000,0.271912,0,1
48,39,43,46,51,52,66,65,
324.000000,222.000000,0.077012,46929092.000000,0.258005,0,1
49,48,45,59,52,48,69,68,
389.000000,222.000000,0.082029,11653621.000000,0.182510,0,1
50,55,54,60,60,71,70,65,
601.000000,222.000000,0.092169,15369635.000000,0.363145,0,1
50,50,55,62,61,64,66,66,
259.000000,223.000000,0.072987,11795676.000000,0.346037,0,1
38,39,40,47,48,50,52,49,
336.000000,223.000000,0.079114,29063762.000000,0.248287,0,1
42,41,41,52,46,46,61,65,
566.000000,223.000000,0.091353,38757772.000000,0.300582,0,1
72,71,71,69,63,60,55,49,
369.000000,224.000000,0.082885,17686088.000000,0.213337,0,1
67,66,61,69,64,62,75,74,
474.000000,224.000000,0.087541,15436001.000000,0.172292,0,1
66,61,66,64,70,73,76,76,
480.000000,224.000000,0.088604,21624136.000000,0.179155,0,1
63,63,65,78,73,75,77,77,
494.000000,224.000000,0.088958,21223980.000000,0.192759,0,1
55,60,59,74,70,71,77,75,
613.000000,224.000000,0.094803,8758979.000000,0.399629,0,1
67,63,67,55,63,67,52,54,
706.000000,224.000000,0.099345,7439130.000000,0.605486,0,1
65,61,63,70,67,68,73,72,
619.000000,225.000000,0.096638,6274564.500000,0.421286,0,1
70,65,70,51,59,64,54,57,
645.000000,225.000000,0.096023,8997806.000000,0.466644,0,1
63,63,59,68,64,65,74,77,
719.000000,225.000000,0.101609,11152318.000000,0.649357,0,1
56,55,57,63,61,62,70,71,
191.000000,226.000000,0.070472,7498248.000000,0.446891,0,1
35,44,40,38,35,29,29,28,
247.000000,226.000000,0.075211,23345938.000000,0.381381,0,1
37,43,42,53,46,41,53,65,
327.000000,226.000000,0.081819,10319471.000000,0.276512,0,1
62,57,54,58,56,65,61,69,
763.000000,226.000000,0.100079,4690805.000000,0.724178,0,1
63,61,60,71,64,61,75,75,
152.000000,227.000000,0.072162,10589824.000000,0.529717,0,1
25,26,26,29,30,31,39,36,
172.000000,227.000000,0.071319,52876640.000000,0.486941,0,1
41,40,44,32,35,38,30,33,
360.000000,227.000000,0.084485,7869993.500000,0.235561,0,1
70,76,68,77,71,71,75,73,
496.000000,227.000000,0.092562,36671916.000000,0.209902,0,1
73,73,67,73,62,56,67,68,
217.000000,228.000000,0.075133,11452289.000000,0.435422,0,1
29,31,29,33,35,38,49,52,
301.000000,228.000000,0.081222,3600877.250000,0.320249,0,1
65,58,61,63,67,72,69,69,
516.000000,228.000000,0.094584,81614328.000000,0.242031,0,1
79,76,78,69,67,65,47,37,
678.000000,228.000000,0.101101,7637980.000000,0.565630,0,1
73,70,68,73,72,67,79,81,
460.000000,229.000000,0.092608,33076412.000000,0.187565,0,1
65,59,67,74,74,75,77,77,
511.000000,229.000000,0.094588,68594104.000000,0.237142,0,1
75,75,71,70,62,53,58,56,
631.000000,229.000000,0.100327,15862282.000000,0.468562,0,1
59,60,57,69,66,54,68,72,
653.000000,229.000000,0.101922,30115756.000000,0.521827,0,1
75,75,76,76,73,73,70,75,
663.000000,229.000000,0.101754,46465636.000000,0.540826,0,1
71,70,60,73,67,58,75,79,
739.000000,229.000000,0.105057,57485008.000000,0.721204,0,1
64,59,62,71,66,71,76,77,
429.000000,230.000000,0.092463,16204062.000000,0.190737,0,1
73,69,74,62,71,75,69,72,
537.000000,230.000000,0.097010,120396408.000000,0.284203,0,1
81,72,72,53,46,49,35,45,
258.000000,231.000000,0.081631,50347412.000000,0.403271,0,1
46,58,52,67,63,58,69,67,
550.000000,231.000000,0.098747,47763580.000000,0.313378,0,1
75,72,71,47,54,53,47,58,
568.000000,231.000000,0.100744,38391484.000000,0.353110,0,1
66,64,56,72,71,71,75,58,
598.000000,231.000000,0.101052,22391150.000000,0.410622,0,1
62,67,59,66,63,55,74,80,
274.000000,232.000000,0.084069,5431471.000000,0.387826,0,1
58,52,55,50,55,59,59,63,
309.000000,232.000000,0.086971,31646326.000000,0.337085,0,1
67,54,53,61,61,66,75,76,
423.000000,232.000000,0.095002,17766206.000000,0.204663,0,1
66,65,64,71,65,71,75,75,
544.000000,232.000000,0.100471,55039396.000000,0.311513,0,1
52,39,41,42,45,47,62,68,
601.000000,232.000000,0.103110,38663444.000000,0.428096,0,1
56,55,58,72,65,67,79,77,
224.000000,233.000000,0.079595,20384568.000000,0.456272,0,1
66,61,68,50,63,67,62,60,
393.000000,233.000000,0.094290,23985904.000000,0.231775,0,1
68,60,59,63,62,66,75,75,
585.000000,233.000000,0.103811,21983622.000000,0.401670,0,1
78,79,80,75,72,76,71,76,
194.000000,234.000000,0.078620,12261483.000000,0.507374,0,1
37,40,40,46,48,50,55,57,
255.000000,234.000000,0.085157,9531611.000000,0.432820,0,1
65,66,66,63,63,61,59,60,
258.000000,234.000000,0.083760,11482019.000000,0.418513,0,1
67,66,69,60,63,65,56,60,
344.000000,234.000000,0.090342,4526752.000000,0.292113,0,1
70,64,60,59,68,70,71,72,
407.000000,234.000000,0.096570,11493950.000000,0.225583,0,1
64,63,66,69,71,72,75,80,
691.000000,234.000000,0.107253,41799460.000000,0.641711,0,1
72,73,65,77,70,60,73,72,
334.000000,235.000000,0.092864,11187187.000000,0.321347,0,1
74,68,63,72,69,61,75,73,
381.000000,235.000000,0.096472,15643948.000000,0.257992,0,1
62,57,59,64,71,65,74,74,
523.000000,235.000000,0.103407,55152956.000000,0.293849,0,1
55,60,62,69,73,72,75,79,
562.000000,235.000000,0.104197,18351548.000000,0.362902,0,1
50,59,52,76,66,58,72,71,
569.000000,235.000000,0.104741,29958006.000000,0.378288,0,1
60,55,63,62,62,73,68,73,
303.000000,236.000000,0.089930,18513842.000000,0.367298,0,1
77,71,72,64,64,69,58,60,
619.000000,237.000000,0.108968,31078714.000000,0.502883,0,1
72,60,61,66,63,59,73,66,
233.000000,239.000000,0.091792,4351063.000000,0.527052,0,1
63,64,61,64,59,57,58,53,
647.000000,239.000000,0.112901,14277995.000000,0.590543,0,1
60,57,57,69,67,63,71,71,
654.000000,239.000000,0.112582,32024602.000000,0.604015,0,1
65,55,55,63,62,60,69,75,
184.000000,240.000000,0.083821,15434924.000000,0.572857,0,1
38,41,53,39,54,59,57,60,
316.000000,240.000000,0.096022,9320668.000000,0.376971,0,1
60,53,59,56,60,66,63,65,
381.000000,240.000000,0.100997,15446421.000000,0.283278,0,1
74,63,72,64,70,72,52,65,
497.000000,240.000000,0.107221,8466893.000000,0.282018,0,1
81,78,77,76,76,67,80,78,
577.000000,240.000000,0.110444,10692468.000000,0.428192,0,1
75,73,76,67,66,75,58,59,
300.000000,241.000000,0.096715,12160530.000000,0.414409,0,1
60,57,58,66,61,61,64,71,
620.000000,241.000000,0.113519,36484452.000000,0.537052,0,1
67,58,67,71,69,73,76,77,
670.000000,241.000000,0.114927,41975732.000000,0.658929,0,1
61,53,51,69,68,67,75,69,
677.000000,241.000000,0.115176,26769960.000000,0.676837,0,1
67,56,54,69,68,67,70,70,
515.000000,242.000000,0.111428,18383532.000000,0.325084,0,1
71,61,72,69,68,77,76,78,
692.000000,242.000000,0.117168,19042754.000000,0.728153,0,1
62,59,59,70,68,69,73,73,
287.000000,243.000000,0.097489,44674144.000000,0.448924,0,1
59,61,52,69,63,62,68,69,
722.000000,244.000000,0.118719,13477190.000000,0.814143,0,1
69,64,62,76,73,72,78,78,
384.000000,246.000000,0.108955,7936313.500000,0.320883,0,1
76,76,73,75,71,67,66,64,
741.000000,246.000000,0.123993,17497318.000000,0.910937,0,1
51,53,51,66,63,59,71,70,
220.000000,247.000000,0.096338,13218352.000000,0.598097,0,1
57,52,55,56,59,64,63,62,
308.000000,247.000000,0.103116,5978751.000000,0.440131,0,1
70,71,68,68,65,64,57,62,
415.000000,247.000000,0.110935,6460417.500000,0.294405,0,1
77,78,76,81,75,68,75,78,
424.000000,248.000000,0.112867,58116540.000000,0.297130,0,1
77,76,82,80,69,77,56,72,
476.000000,248.000000,0.114776,14169252.000000,0.307179,0,1
74,76,71,74,70,72,64,58,
191.000000,249.000000,0.094324,26752022.000000,0.652463,0,1
59,57,60,53,56,65,66,67,
499.000000,249.000000,0.118479,9242892.000000,0.346237,0,1
74,74,77,75,71,74,70,66,
507.000000,250.000000,0.118604,6288840.000000,0.359851,0,1
77,76,79,66,75,75,70,70,
328.000000,251.000000,0.109560,9821202.000000,0.437288,0,1
68,69,69,61,65,65,59,61,
754.000000,251.000000,0.130393,6813617.500000,0.668045,0,1
68,66,68,56,63,67,60,65,
591.000000,252.000000,0.121753,15132173.000000,0.537955,0,1
73,73,64,77,72,62,76,76,
304.000000,253.000000,0.111865,10834613.000000,0.508097,0,1
73,75,65,70,64,59,65,61,
325.000000,254.000000,0.113711,19948696.000000,0.471315,0,1
59,63,56,66,57,57,67,64,
338.000000,254.000000,0.113428,21808694.000000,0.441365,0,1
63,59,66,68,66,71,71,73,
271.000000,255.000000,0.110186,8894784.000000,0.582443,0,1
74,76,72,71,69,59,64,64,
277.000000,255.000000,0.110324,69271688.000000,0.568214,0,1
78,71,71,58,63,69,57,69,
288.000000,255.000000,0.111390,13765334.000000,0.547638,0,1
72,74,73,69,69,65,61,62,
348.000000,255.000000,0.115093,26832788.000000,0.430913,0,1
65,62,65,54,60,69,60,68,
439.000000,255.000000,0.119708,46426024.000000,0.334910,0,1
60,60,49,69,65,52,65,53,
520.000000,255.000000,0.124661,67979560.000000,0.417462,0,1
77,77,79,77,75,74,57,43,
716.000000,255.000000,0.131876,42280716.000000,0.930616,0,1
74,72,71,69,67,66,63,63,
443.000000,256.000000,0.121571,19165800.000000,0.344070,0,1
58,54,68,66,69,70,67,68,
683.000000,256.000000,0.131862,22707772.000000,0.843439,0,1
80,77,79,72,72,75,67,68,
701.000000,256.000000,0.133035,25440416.000000,0.902111,0,1
74,74,74,67,68,69,58,64,
316.000000,257.000000,0.116559,18045008.000000,0.513961,0,1
54,58,61,65,65,70,70,70,
412.000000,257.000000,0.121224,9180432.000000,0.362622,0,1
72,72,71,72,65,68,67,69,
517.000000,257.000000,0.124534,73966480.000000,0.417326,0,1
73,74,60,72,55,46,70,70,
163.000000,258.000000,0.101700,26114404.000000,0.799365,0,1
62,59,60,40,53,59,59,65,
394.000000,258.000000,0.121378,17302918.000000,0.386906,0,1
73,62,70,70,65,72,71,73,
523.000000,258.000000,0.127301,88715320.000000,0.442150,0,1
63,44,56,50,55,67,61,69,
530.000000,258.000000,0.127156,30237040.000000,0.453632,0,1
78,78,75,73,66,69,68,66,
536.000000,258.000000,0.127651,17507094.000000,0.466952,0,1
77,76,74,71,70,70,65,61,
689.000000,258.000000,0.134939,27293044.000000,0.889159,0,1
73,72,71,64,65,69,57,63,
363.000000,259.000000,0.119885,12543887.000000,0.433777,0,1
75,73,71,70,67,63,61,70,
552.000000,259.000000,0.129415,34352528.000000,0.509807,0,1
75,73,73,67,69,69,61,73,
96.000000,260.000000,0.105108,4926703.000000,0.624636,0,1
28,27,27,31,32,33,37,35,
616.000000,260.000000,0.132448,59383732.000000,0.679243,0,1
79,79,75,78,72,71,65,60,
200.000000,261.000000,0.078124,3759653.250000,0.512474,0,1
69,67,67,66,61,66,63,66,
490.000000,261.000000,0.128845,22511126.000000,0.411248,0,1
70,72,72,69,68,69,62,59,
640.000000,261.000000,0.134537,138813792.000000,0.758219,0,1
74,73,69,64,57,55,55,58,
185.000000,262.000000,0.109366,22103472.000000,0.817759,0,1
67,70,65,68,65,63,58,65,
219.000000,262.000000,0.112510,18048512.000000,0.750030,0,1
69,71,69,66,66,64,57,63,
391.000000,262.000000,0.124238,6979560.500000,0.414893,0,1
74,70,76,66,75,75,67,72,
627.000000,262.000000,0.135217,69857672.000000,0.730817,0,1
75,68,68,59,58,56,55,64,
587.000000,263.000000,0.135284,29337754.000000,0.631796,0,1
67,65,66,66,69,71,75,75,
650.000000,263.000000,0.137649,46573216.000000,0.812775,0,1
53,52,53,61,63,59,67,71,
658.000000,263.000000,0.138273,41150656.000000,0.839843,0,1
59,58,60,61,64,64,70,70,
667.000000,263.000000,0.138330,38085684.000000,0.865308,0,1
60,58,59,63,58,54,68,74,
389.000000,266.000000,0.129950,12469388.000000,0.455898,0,1
75,73,70,71,67,69,71,65,
519.000000,267.000000,0.134659,67022940.000000,0.495836,0,1
64,65,61,72,70,66,74,72,
743.000000,267.000000,0.145499,3002205.500000,0.755950,0,1
71,68,68,60,61,66,58,63,
568.000000,268.000000,0.139844,4602933.000000,0.404543,0,1
71,64,69,57,63,69,62,61,
623.000000,268.000000,0.140359,35784960.000000,0.769780,0,1
72,71,73,59,67,72,56,55,
696.000000,268.000000,0.144472,27895400.000000,1.012288,0,1
72,73,70,68,67,66,62,59,
724.000000,268.000000,0.145224,22039238.000000,1.103183,0,1
67,67,67,59,62,61,55,54,
173.000000,269.000000,0.116269,23746506.000000,0.931204,0,1
69,68,69,67,60,55,49,61,
221.000000,269.000000,0.120566,15505640.000000,0.825433,0,1
63,65,65,63,61,62,53,58,
234.000000,269.000000,0.121050,33551696.000000,0.790420,0,1
64,59,63,54,58,63,54,61,
409.000000,270.000000,0.134711,8994054.000000,0.285827,0,1
71,67,68,74,62,59,71,69,
564.000000,270.000000,0.141296,15394459.000000,0.406583,0,1
62,68,63,66,57,53,58,57,
113.000000,271.000000,0.113189,11501978.000000,0.656750,0,1
42,40,39,40,31,30,25,24,
290.000000,271.000000,0.127561,46318840.000000,0.681505,0,1
68,64,66,55,63,69,57,67,
336.000000,271.000000,0.133073,16533602.000000,0.594951,0,1
68,70,67,69,62,68,60,53,
396.000000,271.000000,0.134890,3975453.250000,0.296862,0,1
71,68,73,63,71,70,65,65,
599.000000,271.000000,0.143902,7368238.500000,0.476760,0,1
61,61,61,69,67,64,73,74,
131.000000,272.000000,0.113372,9531362.000000,0.625381,0,1
61,58,56,48,41,35,36,46,
551.000000,272.000000,0.142087,10737617.000000,0.393459,0,1
75,74,74,71,71,67,63,68,
576.000000,272.000000,0.143098,6610160.000000,0.435485,0,1
57,64,63,68,66,67,70,70,
643.000000,272.000000,0.146347,16387494.000000,0.568581,0,1
63,57,64,63,67,69,69,74,
320.000000,273.000000,0.135253,11368623.000000,0.655682,0,1
60,60,64,65,68,69,69,72,
362.000000,273.000000,0.136250,14145662.000000,0.338292,0,1
73,70,71,71,63,68,52,67,
106.000000,274.000000,0.116088,40090236.000000,0.692365,0,1
49,35,26,41,29,18,34,26,
172.000000,274.000000,0.122231,37464224.000000,1.004887,0,1
59,57,59,63,62,57,68,66,
328.000000,275.000000,0.134157,6991475.000000,0.632782,0,1
66,70,69,69,71,63,70,65,
437.000000,275.000000,0.140400,7563291.000000,0.303095,0,1
70,72,65,72,66,60,69,68,
543.000000,275.000000,0.144881,8666026.000000,0.396986,0,1
76,75,74,73,71,72,65,65,
633.000000,275.000000,0.148501,12030864.000000,0.561773,0,1
68,56,68,45,55,69,43,46,
379.000000,276.000000,0.140287,6641553.000000,0.337656,0,1
69,68,67,66,64,66,56,59,
154.000000,277.000000,0.123726,43150200.000000,1.086327,0,1
65,64,60,64,55,53,61,61,
268.000000,277.000000,0.133232,33742312.000000,0.803550,0,1
65,58,64,47,57,66,63,64,
243.000000,278.000000,0.132741,17569272.000000,0.881688,0,1
61,54,60,56,61,66,63,63,
200.000000,279.000000,0.130017,15947248.000000,1.001671,0,1
62,65,64,65,63,63,52,59,
479.000000,279.000000,0.146397,4045145.500000,0.228270,0,1
73,71,71,68,67,68,60,52,
698.000000,279.000000,0.153520,15440265.000000,0.723425,0,1
66,64,58,70,61,53,70,68,
197.000000,280.000000,0.132757,23515060.000000,1.042754,0,1
66,67,65,68,59,52,65,65,
387.000000,281.000000,0.143420,28136604.000000,0.350355,0,1
69,66,59,70,63,70,70,68,
640.000000,281.000000,0.155270,9052402.000000,0.616935,0,1
70,61,70,44,61,68,45,50,
114.000000,282.000000,0.125036,10288000.000000,0.746588,0,1
44,50,51,58,58,59,63,65,
481.000000,282.000000,0.148709,6142865.500000,0.228412,0,1
60,51,57,60,60,63,65,67,
692.000000,282.000000,0.158144,6596013.000000,0.743766,0,1
71,69,70,60,65,69,58,59,
120.000000,283.000000,0.124499,7402841.000000,0.731224,0,1
56,53,60,63,65,66,66,66,
742.000000,283.000000,0.160154,23570782.000000,0.863553,0,1
67,67,61,67,62,56,67,66,
328.000000,284.000000,0.145950,4866770.500000,0.440366,0,1
62,60,61,62,59,64,68,68,
648.000000,284.000000,0.159003,9457404.000000,0.330231,0,1
67,62,68,45,57,70,47,53,
206.000000,286.000000,0.138382,33764368.000000,1.082268,0,1
65,64,63,64,62,62,56,53,
626.000000,286.000000,0.160432,4758413.500000,0.314079,0,1
66,66,64,57,58,64,57,64,
656.000000,286.000000,0.160071,8987081.000000,0.344584,0,1
69,70,68,62,63,65,49,43,
415.000000,287.000000,0.153470,4618896.500000,0.234516,0,1
70,70,71,68,65,66,61,62,
453.000000,287.000000,0.153527,6622407.000000,0.231898,0,1
69,70,55,73,61,54,70,66,
457.000000,287.000000,0.154088,7686472.500000,0.235972,0,1
68,60,67,54,56,65,63,69,
487.000000,288.000000,0.155933,3962837.000000,0.236229,0,1
69,69,64,68,64,62,61,61,
577.000000,288.000000,0.161301,2879758.000000,0.268836,0,1
65,61,68,53,61,66,50,57,
662.000000,288.000000,0.162518,6989474.500000,0.359053,0,1
66,62,63,51,53,54,43,41,
277.000000,289.000000,0.120750,2968566.000000,0.705076,0,1
63,61,67,62,69,70,67,69,
351.000000,289.000000,0.154974,1647869.750000,0.237234,0,1
64,63,65,63,61,69,64,72,
636.000000,289.000000,0.161344,3524535.750000,0.327414,0,1
58,57,58,66,59,60,70,66,
209.000000,290.000000,0.143637,34661328.000000,1.136963,0,1
59,59,62,54,57,63,60,64,
425.000000,290.000000,0.154577,7069016.500000,0.236810,0,1
52,57,55,71,67,68,71,70,
172.000000,291.000000,0.142518,16829542.000000,1.270321,0,1
68,68,65,67,62,61,61,62,
184.000000,291.000000,0.142666,44785204.000000,1.224694,0,1
63,63,62,64,56,60,53,53,
518.000000,291.000000,0.160753,9713262.000000,0.242988,0,1
72,70,70,66,66,65,57,51,
121.000000,292.000000,0.135699,4822751.000000,0.818565,0,1
62,63,62,61,59,56,51,57,
611.000000,292.000000,0.164181,1350706.250000,0.314106,0,1
55,57,56,66,63,58,67,65,
182.000000,293.000000,0.144746,38176696.000000,1.262013,0,1
64,64,53,64,58,53,62,61,
335.000000,293.000000,0.155372,14990012.000000,0.239122,0,1
66,61,63,48,51,61,38,43,
140.000000,294.000000,0.143015,14386595.000000,0.830268,0,1
65,65,64,63,58,60,52,56,
712.000000,294.000000,0.170477,11727554.000000,0.441937,0,1
64,59,62,45,48,52,38,41,
129.000000,295.000000,0.140775,8523239.000000,0.840894,0,1
51,49,49,49,51,59,59,62,
270.000000,295.000000,0.155759,12432240.000000,0.612144,0,1
67,66,64,64,58,56,62,61,
324.000000,295.000000,0.158230,8597810.000000,0.241925,0,1
66,69,68,68,63,62,60,49,
298.000000,296.000000,0.155365,3491073.250000,0.258917,0,1
65,61,65,51,64,65,60,66,
335.000000,296.000000,0.158887,13463366.000000,0.243605,0,1
37,43,51,56,58,63,63,66,
724.000000,296.000000,0.173479,3676883.000000,0.465359,0,1
59,54,56,41,45,48,38,43,
157.000000,297.000000,0.146214,30095378.000000,0.816194,0,1
60,54,57,56,53,65,61,63,
722.000000,272.000000,0.150430,13287273.000000,1.158383,0,1
55,57,56,64,62,59,66,67,
212.000000,230.000000,0.076777,10698028.000000,0.457208,0,1
30,33,36,41,44,50,54,55,
178.000000,228.000000,0.072593,93858016.000000,0.486866,0,1
31,42,33,49,41,28,48,36,
445.000000,217.000000,0.078428,5517488.000000,0.130354,0,1
73,76,75,75,73,76,65,59,
151.000000,208.000000,0.051301,22370352.000000,0.354664,0,1
27,39,39,37,34,27,25,25,
735.000000,198.000000,0.070179,9002842.000000,0.429493,0,1
45,48,48,42,41,40,30,30,
569.000000,44.000000,0.029542,38603936.000000,0.066481,0,1
31,49,27,64,38,18,31,15,
526.000000,181.000000,0.048352,4015141.000000,0.090133,0,1
15,22,19,27,30,27,33,33,
520.000000,50.000000,0.028421,3791099.500000,0.027478,0,1
93,101,66,98,69,37,56,38,
296.000000,72.000000,0.045045,28358536.000000,0.162013,0,1
30,34,21,40,29,20,37,27,
733.000000,147.000000,0.059451,210940752.000000,0.346628,0,1
19,11,25,10,22,28,11,22,
625.000000,197.000000,0.063890,5951047.500000,0.252433,0,1
30,40,40,30,35,37,27,28,
591.000000,35.000000,0.035166,23280930.000000,0.127004,0,1
33,19,35,15,23,37,22,21,
